5.235987755982988e9 32161.98919366253
5.770272220879211e9 21990.563204300714
6.3045566857754345e9 12033.900214493107
6.8388411506716585e9 14042.647111666483
7.373125615567881e9 17899.907587643967
7.907410080464106e9 16441.57066454108
8.441694545360328e9 14291.299276570913
8.975979010256552e9 14978.202810788112
9.510263475152775e9 15439.175374972676
1.0044547940049e10 14040.308746307892
1.057883240494522e10 13817.809568078934
1.1113116869841446e10 15411.97864498385
1.1647401334737667e10 16176.2644661561
1.2181685799633892e10 16343.866069191585
1.2715970264530115e10 17922.094885260412
1.3250254729426338e10 20188.94524701973
1.3784539194322561e10 20934.53393222373
1.4318823659218784e10 19982.01545477376
1.485310812411501e10 19163.829416286775
1.538739258901123e10 19795.783337706962
1.5921677053907455e10 21422.19586932303
1.6455961518803677e10 22223.17346098312
1.6990245983699902e10 22141.159552205518
1.7524530448596123e10 22887.329571599385
1.8058814913492348e10 24608.46283273126
1.8593099378388573e10 25336.19373226366
1.9127383843284798e10 25005.086742990334
1.9661668308181015e10 25008.216635458983
2.019595277307724e10 25892.712249297027
2.073023723797346e10 26709.62757630527
2.1264521702869686e10 26808.820271562552
2.179880616776591e10 26771.121555064612
2.2333090632662132e10 26834.758418966903
2.2867375097558357e10 26691.593743371803
2.3401659562454582e10 25933.43945261081
2.3935944027350807e10 24975.173045626427
2.447022849224703e10 24434.33926251697
2.500451295714325e10 24128.155962966055
2.553879742203947e10 23740.798852686665
2.6073081886935696e10 23084.58015529555
2.660736635183192e10 22357.987695620643
2.7141650816728146e10 21966.038329794108
2.7675935281624367e10 21840.97142624543
2.821021974652059e10 21747.26103017589
2.8744504211416817e10 21199.830959619725
2.9278788676313034e10 20113.512656821295
2.981307314120926e10 19121.044185569004
3.034735760610548e10 18988.070496610228
3.0881642071001705e10 19174.778404375287
3.141592653589793e10 18756.348564111373
