5.235987755982988e9 35739.41190532086
5.770272220879211e9 25266.69195476956
6.3045566857754345e9 8332.332908332657
6.8388411506716585e9 6247.780997322195
7.373125615567881e9 11168.15047450672
7.907410080464106e9 10235.231478057172
8.441694545360328e9 6088.569063884504
8.975979010256552e9 5702.413267994784
9.510263475152775e9 7512.492361724529
1.0044547940049e10 7498.560925006163
1.057883240494522e10 6350.283738186687
1.1113116869841446e10 6404.026459252907
1.1647401334737667e10 7485.797720588442
1.2181685799633892e10 8282.115829313669
1.2715970264530115e10 8892.188218936662
1.3250254729426338e10 9877.8230709139
1.3784539194322561e10 10936.20255161647
1.4318823659218784e10 11699.14439035177
1.485310812411501e10 12665.284032962192
1.538739258901123e10 14307.79147419351
1.5921677053907455e10 16230.69103574239
1.6455961518803677e10 17800.465601781816
1.6990245983699902e10 18718.857363506348
1.7524530448596123e10 19326.580753144346
1.8058814913492348e10 20736.040442746395
1.8593099378388573e10 22943.177063448773
1.9127383843284798e10 24663.52534229893
1.9661668308181015e10 25604.12074936523
2.019595277307724e10 26208.919418884645
2.073023723797346e10 27109.276451456088
2.1264521702869686e10 28082.60669792285
2.179880616776591e10 28910.520740114265
2.2333090632662132e10 29267.959733509342
2.2867375097558357e10 29380.426146150894
2.3401659562454582e10 29134.476421604395
2.3935944027350807e10 28617.24281125641
2.447022849224703e10 28431.40795765313
2.500451295714325e10 28185.09861232126
2.553879742203947e10 28293.808101465213
2.6073081886935696e10 29116.418667187812
2.660736635183192e10 29339.829152950744
2.7141650816728146e10 27956.220574555915
2.7675935281624367e10 26225.278327915785
2.821021974652059e10 25002.91131814093
2.8744504211416817e10 23785.39028883513
2.9278788676313034e10 22061.98544454695
2.981307314120926e10 20032.75130247666
3.034735760610548e10 18674.054508571615
3.0881642071001705e10 18055.83579446817
3.141592653589793e10 17628.580851001076
