5.235987755982988e9 44323.313409244154
5.770272220879211e9 31119.297100805547
6.3045566857754345e9 24520.662094629613
6.8388411506716585e9 29324.25307679648
7.373125615567881e9 32830.683826580615
7.907410080464106e9 32638.090837639797
8.441694545360328e9 33394.68824483554
8.975979010256552e9 33598.06940007964
9.510263475152775e9 30587.99556406611
1.0044547940049e10 27821.613831144736
1.057883240494522e10 28142.89827734584
1.1113116869841446e10 28173.096737339158
1.1647401334737667e10 25472.76516887239
1.2181685799633892e10 23289.10391691769
1.2715970264530115e10 24225.975947200943
1.3250254729426338e10 26270.514295260626
1.3784539194322561e10 26414.692989808093
1.4318823659218784e10 24584.295654500973
1.485310812411501e10 23272.148704053827
1.538739258901123e10 23672.69800093383
1.5921677053907455e10 24273.541573550436
1.6455961518803677e10 24184.745330653328
1.6990245983699902e10 23787.41568304209
1.7524530448596123e10 23416.99051433322
1.8058814913492348e10 23472.38258200044
1.8593099378388573e10 24396.345592591726
1.9127383843284798e10 24954.66213881983
1.9661668308181015e10 23940.067638519165
2.019595277307724e10 22619.847037952495
2.073023723797346e10 23088.65906775063
2.1264521702869686e10 24383.251610130676
2.179880616776591e10 24564.914625183384
2.2333090632662132e10 23603.5441066978
2.2867375097558357e10 23048.75154749498
2.3401659562454582e10 23117.06564946853
2.3935944027350807e10 22979.573146135142
2.447022849224703e10 22030.964775668603
2.500451295714325e10 20604.369571675084
2.553879742203947e10 19677.861814496162
2.6073081886935696e10 19484.24467515664
2.660736635183192e10 19801.184912499513
2.7141650816728146e10 20045.972110491643
2.7675935281624367e10 19975.458376701266
2.821021974652059e10 19725.69453690186
2.8744504211416817e10 19282.400650213058
2.9278788676313034e10 18683.456493915182
2.981307314120926e10 18270.927451704676
3.034735760610548e10 18344.286388518147
3.0881642071001705e10 18591.53721228784
3.141592653589793e10 18570.922551197345
