5.235987755982988e9 34301.309045830596
5.770272220879211e9 24068.19410417932
6.3045566857754345e9 9477.166685978487
6.8388411506716585e9 8970.987893247144
7.373125615567881e9 13536.786384040399
7.907410080464106e9 11736.348304791292
8.441694545360328e9 7534.882672875258
8.975979010256552e9 7390.401898041191
9.510263475152775e9 9162.692152845324
1.0044547940049e10 8947.12618331547
1.057883240494522e10 7954.413433215513
1.1113116869841446e10 8562.144447530185
1.1647401334737667e10 9883.011924234228
1.2181685799633892e10 10676.486904801197
1.2715970264530115e10 11535.911020615164
1.3250254729426338e10 12855.242657421164
1.3784539194322561e10 13722.068990881526
1.4318823659218784e10 13853.292010631421
1.485310812411501e10 14561.217333082424
1.538739258901123e10 16655.43866466083
1.5921677053907455e10 18873.30791981753
1.6455961518803677e10 20152.72117213072
1.6990245983699902e10 20708.01841567464
1.7524530448596123e10 21807.738966090925
1.8058814913492348e10 23443.405698842114
1.8593099378388573e10 25089.78302421888
1.9127383843284798e10 26442.529869245944
1.9661668308181015e10 27511.415152555008
2.019595277307724e10 28297.17550553645
2.073023723797346e10 29008.169740696885
2.1264521702869686e10 29648.426094794846
2.179880616776591e10 29641.478087954736
2.2333090632662132e10 29377.65743656401
2.2867375097558357e10 29493.966007785264
2.3401659562454582e10 29513.31918541746
2.3935944027350807e10 28870.357674925795
2.447022849224703e10 28150.353358168424
2.500451295714325e10 27770.286368289275
2.553879742203947e10 27839.549755566204
2.6073081886935696e10 27839.30928459281
2.660736635183192e10 27165.34625000419
2.7141650816728146e10 26104.878213194203
2.7675935281624367e10 25262.190368874315
2.821021974652059e10 24322.868929145636
2.8744504211416817e10 23080.069504421805
2.9278788676313034e10 21782.478993470755
2.981307314120926e10 20499.20554586509
3.034735760610548e10 19488.84514243545
3.0881642071001705e10 18918.825523020954
3.141592653589793e10 18516.0260164084
