5.235987755982988e9 29576.689406372363
5.770272220879211e9 20458.486997533582
6.3045566857754345e9 10745.76457355046
6.8388411506716585e9 12191.562777872803
7.373125615567881e9 16243.920200439548
7.907410080464106e9 15159.567506401334
8.441694545360328e9 13037.331992413943
8.975979010256552e9 13446.433779077961
9.510263475152775e9 14010.922476276193
1.0044547940049e10 13775.172034373529
1.057883240494522e10 14565.968309539052
1.1113116869841446e10 15910.205775506422
1.1647401334737667e10 16223.8105240999
1.2181685799633892e10 16372.295275898796
1.2715970264530115e10 17376.49171190443
1.3250254729426338e10 18483.446063554817
1.3784539194322561e10 18990.087161587195
1.4318823659218784e10 18917.636939894914
1.485310812411501e10 18605.503673745752
1.538739258901123e10 19145.48631116794
1.5921677053907455e10 20600.89436278083
1.6455961518803677e10 21925.319074684874
1.6990245983699902e10 22491.360743729256
1.7524530448596123e10 22245.354003565757
1.8058814913492348e10 21848.732527234853
1.8593099378388573e10 22234.582897544624
1.9127383843284798e10 23376.51900128701
1.9661668308181015e10 24054.06095187844
2.019595277307724e10 23506.029453964802
2.073023723797346e10 23121.122736084424
2.1264521702869686e10 23639.020653805168
2.179880616776591e10 23833.630351870233
2.2333090632662132e10 22981.10229143552
2.2867375097558357e10 21948.23447482388
2.3401659562454582e10 21572.126534306528
2.3935944027350807e10 21973.081835553094
2.447022849224703e10 22590.02687636916
2.500451295714325e10 22435.64901910808
2.553879742203947e10 21734.459100219123
2.6073081886935696e10 21176.288879591262
2.660736635183192e10 20858.950328983974
2.7141650816728146e10 20261.730235701725
2.7675935281624367e10 19683.338801027952
2.821021974652059e10 19459.395769162515
2.8744504211416817e10 19104.012688343406
2.9278788676313034e10 18223.23328676313
2.981307314120926e10 17694.966024573685
3.034735760610548e10 17749.702287764136
3.0881642071001705e10 17836.516021508916
3.141592653589793e10 17443.53761369879
