5.235987755982988e9 22732.031988637842
5.770272220879211e9 14606.413312618557
6.3045566857754345e9 8132.496561889812
6.8388411506716585e9 11329.423327869497
7.373125615567881e9 14597.866848654303
7.907410080464106e9 12400.978340233656
8.441694545360328e9 9966.813229545372
8.975979010256552e9 10390.293023713008
9.510263475152775e9 10760.251252325337
1.0044547940049e10 9620.493473041655
1.057883240494522e10 9061.411945309035
1.1113116869841446e10 10127.673213040525
1.1647401334737667e10 11062.418479275528
1.2181685799633892e10 10827.0981146672
1.2715970264530115e10 10615.975194455896
1.3250254729426338e10 11279.973044572183
1.3784539194322561e10 11747.154140128789
1.4318823659218784e10 11664.793672867605
1.485310812411501e10 11975.001146551022
1.538739258901123e10 12730.466333466642
1.5921677053907455e10 13126.294706951214
1.6455961518803677e10 13246.341137851467
1.6990245983699902e10 13327.00376942531
1.7524530448596123e10 13571.550463664616
1.8058814913492348e10 14006.049349050421
1.8593099378388573e10 14294.84344404797
1.9127383843284798e10 14350.0153130738
1.9661668308181015e10 14648.47182521058
2.019595277307724e10 15282.255407767083
2.073023723797346e10 15876.077522132191
2.1264521702869686e10 16264.674254976224
2.179880616776591e10 16267.322697887255
2.2333090632662132e10 16178.853876248764
2.2867375097558357e10 16402.947296624057
2.3401659562454582e10 16640.48799350904
2.3935944027350807e10 16414.48419701037
2.447022849224703e10 16331.04162373934
2.500451295714325e10 16569.68800087907
2.553879742203947e10 16628.290099352023
2.6073081886935696e10 16038.230658850447
2.660736635183192e10 15389.10643307329
2.7141650816728146e10 14943.722265063641
2.7675935281624367e10 14709.290837211644
2.821021974652059e10 14603.781062487333
2.8744504211416817e10 14480.709317690813
2.9278788676313034e10 14345.593923277209
2.981307314120926e10 14259.145706738065
3.034735760610548e10 13950.50687046137
3.0881642071001705e10 13383.927842325664
3.141592653589793e10 12868.845979738739
