5.235987755982988e9 44929.95771968658
5.770272220879211e9 29784.300360027402
6.3045566857754345e9 21448.213505391563
6.8388411506716585e9 24280.237981460792
7.373125615567881e9 24965.270701542122
7.907410080464106e9 21115.75211038447
8.441694545360328e9 20476.22756542781
8.975979010256552e9 23079.84178346355
9.510263475152775e9 23518.89115679612
1.0044547940049e10 21207.36537334753
1.057883240494522e10 19468.162594155612
1.1113116869841446e10 19412.353416301892
1.1647401334737667e10 19565.208652841244
1.2181685799633892e10 19191.9118587417
1.2715970264530115e10 19124.0149042002
1.3250254729426338e10 19666.861748729356
1.3784539194322561e10 20063.85022787242
1.4318823659218784e10 19826.97016844002
1.485310812411501e10 19526.64495141781
1.538739258901123e10 19468.414078916678
1.5921677053907455e10 19675.386287608628
1.6455961518803677e10 20161.761113820085
1.6990245983699902e10 20650.06494459408
1.7524530448596123e10 20783.583548470895
1.8058814913492348e10 20458.304025526235
1.8593099378388573e10 20056.178512231978
1.9127383843284798e10 19698.712456428646
1.9661668308181015e10 19627.42966908675
2.019595277307724e10 19803.343524253378
2.073023723797346e10 20053.28378908688
2.1264521702869686e10 20442.07841539131
2.179880616776591e10 20895.26148363287
2.2333090632662132e10 20738.70410314593
2.2867375097558357e10 19861.179881518594
2.3401659562454582e10 19263.008914103837
2.3935944027350807e10 19303.192319621547
2.447022849224703e10 19515.97044983953
2.500451295714325e10 19644.782401807206
2.553879742203947e10 19409.931320971664
2.6073081886935696e10 18965.962621787738
2.660736635183192e10 18429.796196270516
2.7141650816728146e10 17884.75736154147
2.7675935281624367e10 17527.15076183235
2.821021974652059e10 17532.223484073016
2.8744504211416817e10 17679.15419054901
2.9278788676313034e10 17484.913875056136
2.981307314120926e10 17027.070076697506
3.034735760610548e10 16758.328099094255
3.0881642071001705e10 16567.32011587374
3.141592653589793e10 16327.14979092518
