5.235987755982988e9 19375.312921164397
5.770272220879211e9 12096.585875297205
6.3045566857754345e9 7181.020518091075
6.8388411506716585e9 9602.733176087697
7.373125615567881e9 10827.912328764822
7.907410080464106e9 8404.867373421645
8.441694545360328e9 7925.0559558098075
8.975979010256552e9 10358.404653454576
9.510263475152775e9 11456.174729740223
1.0044547940049e10 10274.865096605223
1.057883240494522e10 9376.547012377916
1.1113116869841446e10 9948.33874791547
1.1647401334737667e10 10725.311582610419
1.2181685799633892e10 11163.268837921198
1.2715970264530115e10 11296.790940706729
1.3250254729426338e10 11416.262854311895
1.3784539194322561e10 11210.714909929779
1.4318823659218784e10 10602.563734427973
1.485310812411501e10 10326.701642875169
1.538739258901123e10 10780.699523168163
1.5921677053907455e10 11280.576186182921
1.6455961518803677e10 11207.982617556252
1.6990245983699902e10 11381.459728922011
1.7524530448596123e10 11982.946883224924
1.8058814913492348e10 12384.817952540674
1.8593099378388573e10 12463.982796319904
1.9127383843284798e10 13045.12578271661
1.9661668308181015e10 14173.088714224203
2.019595277307724e10 14722.819801267746
2.073023723797346e10 14742.812253441367
2.1264521702869686e10 14791.391412688638
2.179880616776591e10 14946.588269345331
2.2333090632662132e10 14891.197887728762
2.2867375097558357e10 14602.422354406657
2.3401659562454582e10 14207.099487723624
2.3935944027350807e10 14266.699879583062
2.447022849224703e10 14640.637429906144
2.500451295714325e10 14609.352080702247
2.553879742203947e10 14247.264881015655
2.6073081886935696e10 13883.364681416433
2.660736635183192e10 13524.092126014455
2.7141650816728146e10 13284.05597143124
2.7675935281624367e10 13135.399794687431
2.821021974652059e10 13033.974131587622
2.8744504211416817e10 12825.769096087024
2.9278788676313034e10 12807.423086119392
2.981307314120926e10 12593.558756278338
3.034735760610548e10 12307.223316124868
3.0881642071001705e10 12085.23577394384
3.141592653589793e10 11791.901343455422
