5.235987755982988e9 48284.20687108651
5.770272220879211e9 32440.49691900322
6.3045566857754345e9 23373.3224593031
6.8388411506716585e9 24647.42359067743
7.373125615567881e9 24036.96557887475
7.907410080464106e9 19770.590063476207
8.441694545360328e9 18848.25529180285
8.975979010256552e9 21622.893488322417
9.510263475152775e9 22351.332348762768
1.0044547940049e10 19742.453586967185
1.057883240494522e10 17753.253477418235
1.1113116869841446e10 18557.56465822515
1.1647401334737667e10 19941.514399469437
1.2181685799633892e10 20312.402423580934
1.2715970264530115e10 20408.249170643885
1.3250254729426338e10 20169.622399905584
1.3784539194322561e10 19237.048192322338
1.4318823659218784e10 18798.74879995966
1.485310812411501e10 19368.34709134964
1.538739258901123e10 19774.74865984342
1.5921677053907455e10 19264.134027380474
1.6455961518803677e10 18604.943087315736
1.6990245983699902e10 18372.917067142265
1.7524530448596123e10 18587.66133658376
1.8058814913492348e10 18975.02673494045
1.8593099378388573e10 18933.110224801778
1.9127383843284798e10 18655.23086129631
1.9661668308181015e10 18971.991691411014
2.019595277307724e10 19988.73145584915
2.073023723797346e10 20693.84360662321
2.1264521702869686e10 20792.278557757272
2.179880616776591e10 20505.154643197253
2.2333090632662132e10 20170.083217594285
2.2867375097558357e10 19821.799827698662
2.3401659562454582e10 19540.417094754277
2.3935944027350807e10 19275.356978947024
2.447022849224703e10 19050.935963803546
2.500451295714325e10 18931.963667960044
2.553879742203947e10 18792.793048284424
2.6073081886935696e10 18613.948530692272
2.660736635183192e10 18351.357807671586
2.7141650816728146e10 17918.389131902062
2.7675935281624367e10 17615.584974860038
2.821021974652059e10 17588.47207164666
2.8744504211416817e10 17483.6821121481
2.9278788676313034e10 17133.477560947133
2.981307314120926e10 16912.92072807809
3.034735760610548e10 16770.6337137173
3.0881642071001705e10 16540.36459632871
3.141592653589793e10 16367.841876698702
