5.235987755982988e9 53271.597902501955
5.770272220879211e9 39612.60413605575
6.3045566857754345e9 17923.67120346373
6.8388411506716585e9 16213.467074472725
7.373125615567881e9 22836.002609147443
7.907410080464106e9 20154.902473346083
8.441694545360328e9 13809.892348486177
8.975979010256552e9 13892.774725030546
9.510263475152775e9 17717.13740804227
1.0044547940049e10 18243.7628970305
1.057883240494522e10 15858.138779788365
1.1113116869841446e10 15375.705897802023
1.1647401334737667e10 16976.6176901316
1.2181685799633892e10 18095.352783208855
1.2715970264530115e10 18527.515759192294
1.3250254729426338e10 19516.188362727964
1.3784539194322561e10 20464.433218962957
1.4318823659218784e10 20618.49178741381
1.485310812411501e10 21870.828251668834
1.538739258901123e10 24350.35171431863
1.5921677053907455e10 26536.40688494403
1.6455961518803677e10 26658.998575937858
1.6990245983699902e10 25501.652387613412
1.7524530448596123e10 25199.9535696297
1.8058814913492348e10 26326.269654581833
1.8593099378388573e10 28106.866341818848
1.9127383843284798e10 29708.795001405488
1.9661668308181015e10 31101.738829454865
2.019595277307724e10 32072.170589661666
2.073023723797346e10 32288.377415402738
2.1264521702869686e10 32060.39212296834
2.179880616776591e10 31957.137221784673
2.2333090632662132e10 31765.420591034155
2.2867375097558357e10 32068.596093243028
2.3401659562454582e10 32150.769219023892
2.3935944027350807e10 32124.49186901578
2.447022849224703e10 32228.30309023443
2.500451295714325e10 32126.453241976567
2.553879742203947e10 31563.193920003076
2.6073081886935696e10 31515.462535636714
2.660736635183192e10 31366.63079460647
2.7141650816728146e10 30966.835493599763
2.7675935281624367e10 30227.848409505063
2.821021974652059e10 29149.863324314014
2.8744504211416817e10 27358.878115560216
2.9278788676313034e10 25286.36953266614
2.981307314120926e10 23621.27179891958
3.034735760610548e10 22283.017893377037
3.0881642071001705e10 21372.729558188657
3.141592653589793e10 20583.930947461336
