5.235987755982988e9 38171.590439104504
5.770272220879211e9 26606.99157131403
6.3045566857754345e9 19026.149466509465
6.8388411506716585e9 23299.233093450497
7.373125615567881e9 27572.63415534955
7.907410080464106e9 26706.421683362958
8.441694545360328e9 26177.967119267578
8.975979010256552e9 26968.493517603012
9.510263475152775e9 25427.527972336826
1.0044547940049e10 23022.24424510157
1.057883240494522e10 23354.81935360188
1.1113116869841446e10 24466.409384304894
1.1647401334737667e10 23703.99988298258
1.2181685799633892e10 22549.124221229282
1.2715970264530115e10 22701.271667729496
1.3250254729426338e10 23663.448910284766
1.3784539194322561e10 24591.450226920522
1.4318823659218784e10 24784.877863848462
1.485310812411501e10 24617.167733138762
1.538739258901123e10 24998.695814795334
1.5921677053907455e10 25780.871309030284
1.6455961518803677e10 25546.204193241298
1.6990245983699902e10 24390.82059167039
1.7524530448596123e10 23711.861354248696
1.8058814913492348e10 24111.34858975546
1.8593099378388573e10 24536.93658689535
1.9127383843284798e10 24047.765646795728
1.9661668308181015e10 23141.748517616805
2.019595277307724e10 22829.145806253888
2.073023723797346e10 23666.477693150515
2.1264521702869686e10 24701.54999688353
2.179880616776591e10 24653.805573519992
2.2333090632662132e10 23950.433577928976
2.2867375097558357e10 23511.87444407849
2.3401659562454582e10 23332.052900246075
2.3935944027350807e10 23095.34630275854
2.447022849224703e10 22646.19881852789
2.500451295714325e10 21489.418985135315
2.553879742203947e10 20358.189862241223
2.6073081886935696e10 20641.368196863765
2.660736635183192e10 21797.65490975651
2.7141650816728146e10 22057.6158031816
2.7675935281624367e10 21554.02088740086
2.821021974652059e10 20665.61765295658
2.8744504211416817e10 19735.15947264735
2.9278788676313034e10 19246.88423797145
2.981307314120926e10 19188.899019010572
3.034735760610548e10 18860.393220824877
3.0881642071001705e10 18186.75612661723
3.141592653589793e10 17536.488329084303
