5.235987755982988e9 65005.74485004994
5.770272220879211e9 46803.76566345419
6.3045566857754345e9 27293.8320805352
6.8388411506716585e9 27847.168715764838
7.373125615567881e9 34010.06403164165
7.907410080464106e9 31917.3971447337
8.441694545360328e9 28032.364465127186
8.975979010256552e9 28859.170209721884
9.510263475152775e9 30769.04060512682
1.0044547940049e10 29580.0255089271
1.057883240494522e10 26636.47712986791
1.1113116869841446e10 25608.383151661586
1.1647401334737667e10 25888.807559172157
1.2181685799633892e10 25676.521238735655
1.2715970264530115e10 24922.85442811987
1.3250254729426338e10 25418.928174614397
1.3784539194322561e10 26577.62598080894
1.4318823659218784e10 26748.553172576467
1.485310812411501e10 26653.051691199948
1.538739258901123e10 26367.844559447647
1.5921677053907455e10 26185.4756584779
1.6455961518803677e10 26638.617941656452
1.6990245983699902e10 27286.201787618524
1.7524530448596123e10 27775.55476512617
1.8058814913492348e10 27753.69558919949
1.8593099378388573e10 27544.648926706333
1.9127383843284798e10 26939.96740708383
1.9661668308181015e10 26261.585643367453
2.019595277307724e10 26374.456976580783
2.073023723797346e10 27888.332583603293
2.1264521702869686e10 28652.962945060535
2.179880616776591e10 27760.84148195762
2.2333090632662132e10 26767.000899134207
2.2867375097558357e10 27257.324666537424
2.3401659562454582e10 27549.52640474303
2.3935944027350807e10 26679.374075253505
2.447022849224703e10 25816.97904244781
2.500451295714325e10 25258.075288793283
2.553879742203947e10 24994.773011899895
2.6073081886935696e10 25453.41075891476
2.660736635183192e10 25619.220245089902
2.7141650816728146e10 24756.962285593952
2.7675935281624367e10 23731.055691313562
2.821021974652059e10 23283.905443503965
2.8744504211416817e10 23136.36063030563
2.9278788676313034e10 22256.995040084432
2.981307314120926e10 21259.951816540004
3.034735760610548e10 20640.065162217183
3.0881642071001705e10 20254.897242921215
3.141592653589793e10 19262.561398758942
