5.235987755982988e9 31103.848978772556
5.770272220879211e9 21655.627168514446
6.3045566857754345e9 7710.161169869735
6.8388411506716585e9 7035.1004436922985
7.373125615567881e9 11717.465976915166
7.907410080464106e9 10595.7093281957
8.441694545360328e9 7072.480293385607
8.975979010256552e9 6911.4008254862465
9.510263475152775e9 8265.750832607926
1.0044547940049e10 7969.732352311693
1.057883240494522e10 7556.524040681261
1.1113116869841446e10 8452.909268180407
1.1647401334737667e10 9403.767786404778
1.2181685799633892e10 9791.785275276996
1.2715970264530115e10 10623.340122490865
1.3250254729426338e10 11991.926812389893
1.3784539194322561e10 13204.917012130169
1.4318823659218784e10 14065.851815446122
1.485310812411501e10 14641.833744808102
1.538739258901123e10 15525.710611332315
1.5921677053907455e10 17197.16087679855
1.6455961518803677e10 19282.088672694845
1.6990245983699902e10 20443.027121195082
1.7524530448596123e10 20631.19898385688
1.8058814913492348e10 21509.098148567176
1.8593099378388573e10 23292.542500809563
1.9127383843284798e10 25041.014051370334
1.9661668308181015e10 25928.62267856877
2.019595277307724e10 26269.488382378666
2.073023723797346e10 26795.954121309704
2.1264521702869686e10 27604.032711098447
2.179880616776591e10 27601.886256750164
2.2333090632662132e10 26816.859721044828
2.2867375097558357e10 26278.824311597076
2.3401659562454582e10 26465.46102414486
2.3935944027350807e10 27224.63910780327
2.447022849224703e10 27893.269636730205
2.500451295714325e10 28055.552666427535
2.553879742203947e10 27496.27125845512
2.6073081886935696e10 26722.444002214917
2.660736635183192e10 25602.915023860318
2.7141650816728146e10 24113.146652458898
2.7675935281624367e10 22917.423166225686
2.821021974652059e10 22085.485018030126
2.8744504211416817e10 21093.403945785478
2.9278788676313034e10 19660.240287722212
2.981307314120926e10 18412.88596407301
3.034735760610548e10 17609.867916466224
3.0881642071001705e10 17139.151633301695
3.141592653589793e10 16685.406297668687
