5.235987755982988e9 19815.4841556996
5.770272220879211e9 12650.87731198268
6.3045566857754345e9 7705.237360074162
6.8388411506716585e9 9807.129436296715
7.373125615567881e9 10901.594167147814
7.907410080464106e9 8687.987665902048
8.441694545360328e9 7728.56960849964
8.975979010256552e9 8599.612947324806
9.510263475152775e9 8605.276194199032
1.0044547940049e10 7891.918923751751
1.057883240494522e10 7904.380903189113
1.1113116869841446e10 8721.107442416302
1.1647401334737667e10 9320.638962348441
1.2181685799633892e10 9079.301806740392
1.2715970264530115e10 8631.347285622614
1.3250254729426338e10 8694.641751424153
1.3784539194322561e10 9012.181237133258
1.4318823659218784e10 9058.933641657828
1.485310812411501e10 9154.320486930288
1.538739258901123e10 9694.819183401658
1.5921677053907455e10 10291.72334591683
1.6455961518803677e10 10988.733044740344
1.6990245983699902e10 11803.221510441346
1.7524530448596123e10 11999.285262966252
1.8058814913492348e10 11437.087853888113
1.8593099378388573e10 11436.250757088106
1.9127383843284798e10 12439.291752344327
1.9661668308181015e10 13394.432736579163
2.019595277307724e10 13592.907452744666
2.073023723797346e10 13604.741196080877
2.1264521702869686e10 13615.551092175718
2.179880616776591e10 13394.387617577913
2.2333090632662132e10 12940.270173192119
2.2867375097558357e10 12769.001062527388
2.3401659562454582e10 13002.248244158205
2.3935944027350807e10 13194.069689497923
2.447022849224703e10 13002.48468831019
2.500451295714325e10 12879.571920174843
2.553879742203947e10 13062.728482611852
2.6073081886935696e10 13117.919744681845
2.660736635183192e10 12803.62326406667
2.7141650816728146e10 12503.923358693386
2.7675935281624367e10 12570.646554287747
2.821021974652059e10 12426.222809533489
2.8744504211416817e10 11906.180637635105
2.9278788676313034e10 11411.19735695014
2.981307314120926e10 11099.740822158778
3.034735760610548e10 11026.34133174288
3.0881642071001705e10 10951.405484720537
3.141592653589793e10 10782.995709000683
