5.235987755982988e9 35723.193489031364
5.770272220879211e9 24446.73921259009
6.3045566857754345e9 17448.380757936953
6.8388411506716585e9 20387.13147154689
7.373125615567881e9 22694.86978231247
7.907410080464106e9 20426.943943527887
8.441694545360328e9 19242.303985654606
8.975979010256552e9 20726.91421156568
9.510263475152775e9 21279.967426638985
1.0044547940049e10 20532.138983153935
1.057883240494522e10 20733.392634321444
1.1113116869841446e10 21203.91369181634
1.1647401334737667e10 20555.17123115738
1.2181685799633892e10 19737.499644055508
1.2715970264530115e10 20101.23598964882
1.3250254729426338e10 20878.404857382913
1.3784539194322561e10 20659.196379001394
1.4318823659218784e10 19317.75244140047
1.485310812411501e10 18270.607401375597
1.538739258901123e10 18300.86379475717
1.5921677053907455e10 19211.98780802907
1.6455961518803677e10 20532.504174841444
1.6990245983699902e10 21442.835059789
1.7524530448596123e10 21361.347383238164
1.8058814913492348e10 20919.920360950437
1.8593099378388573e10 20514.68485772916
1.9127383843284798e10 20705.49703668035
1.9661668308181015e10 21109.91486688573
2.019595277307724e10 20771.307610028784
2.073023723797346e10 19973.134216351496
2.1264521702869686e10 20133.2347495752
2.179880616776591e10 20944.450511828512
2.2333090632662132e10 20833.63332826399
2.2867375097558357e10 19948.67815016973
2.3401659562454582e10 19981.827814287182
2.3935944027350807e10 20902.749591842832
2.447022849224703e10 21141.65979354022
2.500451295714325e10 20346.64362315736
2.553879742203947e10 19696.66594137159
2.6073081886935696e10 19512.76466191388
2.660736635183192e10 19210.82977102148
2.7141650816728146e10 18878.422379678974
2.7675935281624367e10 18424.05751407954
2.821021974652059e10 17893.940976656893
2.8744504211416817e10 17601.40733076537
2.9278788676313034e10 17558.26180861519
2.981307314120926e10 17471.551585323385
3.034735760610548e10 17335.817912106046
3.0881642071001705e10 17069.336112469846
3.141592653589793e10 16571.99252119659
