5.235987755982988e9 39763.133926053175
5.770272220879211e9 28407.05412391875
6.3045566857754345e9 9620.650992233952
6.8388411506716585e9 7088.627188022833
7.373125615567881e9 12781.791738489504
7.907410080464106e9 11969.652497844574
8.441694545360328e9 7064.2537679142315
8.975979010256552e9 6080.566432831859
9.510263475152775e9 8023.244092823069
1.0044547940049e10 8373.24514816412
1.057883240494522e10 7269.185766266967
1.1113116869841446e10 7204.886578396404
1.1647401334737667e10 8253.272548870262
1.2181685799633892e10 9003.571680105815
1.2715970264530115e10 9387.210268067676
1.3250254729426338e10 10243.081050501654
1.3784539194322561e10 11464.392046627954
1.4318823659218784e10 12619.905197186981
1.485310812411501e10 13794.86571343278
1.538739258901123e10 15438.535280680078
1.5921677053907455e10 17499.07362955029
1.6455961518803677e10 19431.959311438575
1.6990245983699902e10 20619.34224361495
1.7524530448596123e10 21163.80543456268
1.8058814913492348e10 22638.517585184272
1.8593099378388573e10 25052.047373466106
1.9127383843284798e10 27322.599569036855
1.9661668308181015e10 28599.797577419034
2.019595277307724e10 29203.52305179351
2.073023723797346e10 29780.456828744187
2.1264521702869686e10 30710.431309000753
2.179880616776591e10 31213.58739205917
2.2333090632662132e10 31047.739828278565
2.2867375097558357e10 31105.636328277047
2.3401659562454582e10 31283.32771133777
2.3935944027350807e10 31098.016975894487
2.447022849224703e10 30691.128513821815
2.500451295714325e10 30352.541990454392
2.553879742203947e10 30537.375956056458
2.6073081886935696e10 31461.016399337066
2.660736635183192e10 31734.010217262716
2.7141650816728146e10 30293.401376903406
2.7675935281624367e10 28357.12504088866
2.821021974652059e10 26889.870931284913
2.8744504211416817e10 25693.496608824084
2.9278788676313034e10 23993.654654113525
2.981307314120926e10 22042.085703143905
3.034735760610548e10 20642.8671158617
3.0881642071001705e10 19907.253618692426
3.141592653589793e10 19406.948161244563
