5.235987755982988e9 21233.75536071766
5.770272220879211e9 13757.899031949399
6.3045566857754345e9 8298.680325325506
6.8388411506716585e9 10151.132660300147
7.373125615567881e9 10916.245741495213
7.907410080464106e9 8286.806272826312
8.441694545360328e9 7410.300235270513
8.975979010256552e9 8886.826115585585
9.510263475152775e9 9023.088787489569
1.0044547940049e10 7762.858393417222
1.057883240494522e10 7522.338993645073
1.1113116869841446e10 8298.370530295657
1.1647401334737667e10 8618.140895026694
1.2181685799633892e10 8601.8123049195
1.2715970264530115e10 9270.082109515244
1.3250254729426338e10 10313.165319370612
1.3784539194322561e10 10341.696727344925
1.4318823659218784e10 9386.058984659257
1.485310812411501e10 9161.501378824714
1.538739258901123e10 10118.568610819613
1.5921677053907455e10 11028.959000954881
1.6455961518803677e10 11428.107788377534
1.6990245983699902e10 11863.000828559312
1.7524530448596123e10 12525.677847404377
1.8058814913492348e10 12914.078396469424
1.8593099378388573e10 12649.430176501635
1.9127383843284798e10 12221.59937895694
1.9661668308181015e10 12476.693707961653
2.019595277307724e10 13384.841845664874
2.073023723797346e10 13877.23154824139
2.1264521702869686e10 13923.976458880303
2.179880616776591e10 14112.357807384435
2.2333090632662132e10 14437.790232318526
2.2867375097558357e10 14219.516520503743
2.3401659562454582e10 13928.304601721276
2.3935944027350807e10 14228.683081749019
2.447022849224703e10 14626.436198467305
2.500451295714325e10 14442.83700126122
2.553879742203947e10 13843.52562327673
2.6073081886935696e10 13378.971956265217
2.660736635183192e10 13211.761777140147
2.7141650816728146e10 13052.985532809793
2.7675935281624367e10 12888.738262117804
2.821021974652059e10 12519.925811551995
2.8744504211416817e10 11980.564466108444
2.9278788676313034e10 11814.872989684643
2.981307314120926e10 11937.000440899152
3.034735760610548e10 11691.49926988063
3.0881642071001705e10 11207.001797307046
3.141592653589793e10 11201.31761431246
