5.235987755982988e9 44831.55578546822
5.770272220879211e9 29643.791651404605
6.3045566857754345e9 24825.209734706426
6.8388411506716585e9 30613.35117623009
7.373125615567881e9 32549.548874427423
7.907410080464106e9 28711.90292037919
8.441694545360328e9 27118.1168819945
8.975979010256552e9 28522.052131050557
9.510263475152775e9 28203.34379678511
1.0044547940049e10 25855.306142567686
1.057883240494522e10 24713.515525027993
1.1113116869841446e10 26175.695063415464
1.1647401334737667e10 27670.48974205421
1.2181685799633892e10 26703.479967710016
1.2715970264530115e10 24789.460177736797
1.3250254729426338e10 23920.117139431477
1.3784539194322561e10 23572.6430275566
1.4318823659218784e10 22828.530398496332
1.485310812411501e10 22280.275399055678
1.538739258901123e10 21835.481518543416
1.5921677053907455e10 21653.396935312023
1.6455961518803677e10 22756.670008068813
1.6990245983699902e10 24397.52345016953
1.7524530448596123e10 24704.69995667716
1.8058814913492348e10 23930.34156350203
1.8593099378388573e10 23474.74738140271
1.9127383843284798e10 23217.375005606573
1.9661668308181015e10 22586.776833142405
2.019595277307724e10 22564.163574789414
2.073023723797346e10 23335.39720712082
2.1264521702869686e10 23552.31897285613
2.179880616776591e10 22938.21251212532
2.2333090632662132e10 22526.93433059601
2.2867375097558357e10 22426.915321598186
2.3401659562454582e10 22229.398414748808
2.3935944027350807e10 22168.828935157933
2.447022849224703e10 22351.99807449658
2.500451295714325e10 22042.695285323192
2.553879742203947e10 21418.28426617503
2.6073081886935696e10 20682.970477311115
2.660736635183192e10 19675.716862676138
2.7141650816728146e10 18988.887323554543
2.7675935281624367e10 19194.35229958314
2.821021974652059e10 19545.58886956332
2.8744504211416817e10 19517.761669281994
2.9278788676313034e10 19195.180807926794
2.981307314120926e10 18653.816741044164
3.034735760610548e10 18062.446968362714
3.0881642071001705e10 17675.905320946156
3.141592653589793e10 17447.516969043747
