5.235987755982988e9 58023.82680922436
5.770272220879211e9 38319.33529213668
6.3045566857754345e9 23019.633681530027
6.8388411506716585e9 24273.993399713287
7.373125615567881e9 29947.313247811904
7.907410080464106e9 31998.69682159136
8.441694545360328e9 31987.071425617687
8.975979010256552e9 32283.860429248394
9.510263475152775e9 31395.59312995347
1.0044547940049e10 29444.594980263933
1.057883240494522e10 28653.992284093943
1.1113116869841446e10 29828.340236201268
1.1647401334737667e10 30200.786838535863
1.2181685799633892e10 28046.755568042132
1.2715970264530115e10 25679.31559208167
1.3250254729426338e10 25473.42024092369
1.3784539194322561e10 27022.901688126774
1.4318823659218784e10 28402.862839785394
1.485310812411501e10 28094.217685330197
1.538739258901123e10 27184.083205023777
1.5921677053907455e10 26279.935015098
1.6455961518803677e10 25994.96051963243
1.6990245983699902e10 25898.151846695175
1.7524530448596123e10 25674.82135892686
1.8058814913492348e10 25870.36258193944
1.8593099378388573e10 25981.223268400627
1.9127383843284798e10 25493.50894424725
1.9661668308181015e10 24910.009746348656
2.019595277307724e10 25290.251958834724
2.073023723797346e10 26147.414728063908
2.1264521702869686e10 26554.68697983708
2.179880616776591e10 25756.308658187245
2.2333090632662132e10 24566.99171302722
2.2867375097558357e10 23768.34812218901
2.3401659562454582e10 23268.43770248757
2.3935944027350807e10 22688.496038916797
2.447022849224703e10 22362.740252426556
2.500451295714325e10 22424.256435918043
2.553879742203947e10 22865.238013485035
2.6073081886935696e10 23083.183347068058
2.660736635183192e10 22809.251944068943
2.7141650816728146e10 22304.287573887057
2.7675935281624367e10 21459.605423738434
2.821021974652059e10 20858.88750285651
2.8744504211416817e10 20587.32194208134
2.9278788676313034e10 20116.10733702911
2.981307314120926e10 19674.4943286019
3.034735760610548e10 19650.694954581166
3.0881642071001705e10 19678.445819122186
3.141592653589793e10 18996.365962169868
