5.235987755982988e9 43730.529818454415
5.770272220879211e9 31546.060953713295
6.3045566857754345e9 11129.556048259985
6.8388411506716585e9 8544.79443176761
7.373125615567881e9 14702.791909883825
7.907410080464106e9 13477.681023199788
8.441694545360328e9 7763.464221277946
8.975979010256552e9 6647.366447771074
9.510263475152775e9 8986.236789676801
1.0044547940049e10 9401.919174032462
1.057883240494522e10 8091.236832835382
1.1113116869841446e10 8080.236318034119
1.1647401334737667e10 9272.292916008859
1.2181685799633892e10 9938.158918512583
1.2715970264530115e10 10320.747030746981
1.3250254729426338e10 11386.541025781686
1.3784539194322561e10 12686.633061566581
1.4318823659218784e10 13726.406823069321
1.485310812411501e10 15080.115726393975
1.538739258901123e10 17056.761482164136
1.5921677053907455e10 19272.0412973571
1.6455961518803677e10 21173.68335145146
1.6990245983699902e10 22375.91380452818
1.7524530448596123e10 23058.96285885573
1.8058814913492348e10 24769.977585111246
1.8593099378388573e10 27464.067903430412
1.9127383843284798e10 29564.463043682783
1.9661668308181015e10 30610.808230812872
2.019595277307724e10 31226.685654309444
2.073023723797346e10 31899.19481809825
2.1264521702869686e10 32866.02195849098
2.179880616776591e10 33521.94661797688
2.2333090632662132e10 33803.30048913174
2.2867375097558357e10 34505.95894718896
2.3401659562454582e10 34927.735424570565
2.3935944027350807e10 34251.000480961455
2.447022849224703e10 33396.34005042677
2.500451295714325e10 32773.068370938745
2.553879742203947e10 32770.578064753325
2.6073081886935696e10 33598.20124430589
2.660736635183192e10 33909.17768508986
2.7141650816728146e10 32541.502472437278
2.7675935281624367e10 30570.639478892368
2.821021974652059e10 28999.722927647825
2.8744504211416817e10 27472.025425530035
2.9278788676313034e10 25699.988736043986
2.981307314120926e10 23795.54216676403
3.034735760610548e10 22163.677035385055
3.0881642071001705e10 21194.792523385113
3.141592653589793e10 20529.587346968194
