5.235987755982988e9 65001.604322422514
5.770272220879211e9 46722.94995801713
6.3045566857754345e9 27353.234287841584
6.8388411506716585e9 28006.454108023176
7.373125615567881e9 34207.29210909013
7.907410080464106e9 32122.852914988547
8.441694545360328e9 28035.979146062455
8.975979010256552e9 28968.94335027449
9.510263475152775e9 30922.322586258615
1.0044547940049e10 29554.822721420664
1.057883240494522e10 26539.536484985012
1.1113116869841446e10 25509.467493398384
1.1647401334737667e10 26119.701751607452
1.2181685799633892e10 25600.85533257094
1.2715970264530115e10 24885.776454939638
1.3250254729426338e10 25542.138797217296
1.3784539194322561e10 26560.763397111015
1.4318823659218784e10 26840.548911396276
1.485310812411501e10 26563.36137075041
1.538739258901123e10 26327.7688546202
1.5921677053907455e10 26336.667714886065
1.6455961518803677e10 26483.65799123471
1.6990245983699902e10 27209.81793811331
1.7524530448596123e10 27724.97397155137
1.8058814913492348e10 27884.199290715045
1.8593099378388573e10 27544.449241656886
1.9127383843284798e10 26894.692975222046
1.9661668308181015e10 26220.416463171554
2.019595277307724e10 26364.16355029812
2.073023723797346e10 27871.397157937907
2.1264521702869686e10 28541.65620829806
2.179880616776591e10 27729.733833109018
2.2333090632662132e10 26786.731092877908
2.2867375097558357e10 27193.487874334893
2.3401659562454582e10 27515.05211027735
2.3935944027350807e10 26737.15074399077
2.447022849224703e10 25844.789342501255
2.500451295714325e10 25228.3098071642
2.553879742203947e10 25060.352271853215
2.6073081886935696e10 25329.19560474534
2.660736635183192e10 25543.075373823995
2.7141650816728146e10 24784.7621311826
2.7675935281624367e10 23771.185973875035
2.821021974652059e10 23264.973402230386
2.8744504211416817e10 23116.08387378527
2.9278788676313034e10 22181.43972254267
2.981307314120926e10 21218.318715597037
3.034735760610548e10 20709.427472335185
3.0881642071001705e10 20208.64055421044
3.141592653589793e10 19353.905817363506
