5.235987755982988e9 38598.05243539285
5.770272220879211e9 27051.8077116282
6.3045566857754345e9 17434.656298563026
6.8388411506716585e9 18278.115585174935
7.373125615567881e9 21059.94131809802
7.907410080464106e9 20320.362405461838
8.441694545360328e9 18420.9386267125
8.975979010256552e9 17653.032675430568
9.510263475152775e9 17400.116772481808
1.0044547940049e10 17441.790946170797
1.057883240494522e10 17822.07922862306
1.1113116869841446e10 17597.7717250555
1.1647401334737667e10 16951.20089932092
1.2181685799633892e10 16983.718216564914
1.2715970264530115e10 17572.186851028197
1.3250254729426338e10 17700.850106088245
1.3784539194322561e10 16842.124098647037
1.4318823659218784e10 16252.832658619573
1.485310812411501e10 16518.418546983536
1.538739258901123e10 17261.20107329074
1.5921677053907455e10 17327.354360850517
1.6455961518803677e10 17323.74068993872
1.6990245983699902e10 17793.867331333407
1.7524530448596123e10 18377.695549369895
1.8058814913492348e10 18648.95899863035
1.8593099378388573e10 18674.224918110565
1.9127383843284798e10 18478.91086892935
1.9661668308181015e10 18061.04273283119
2.019595277307724e10 18393.81317011174
2.073023723797346e10 19258.411484992594
2.1264521702869686e10 20099.84780175201
2.179880616776591e10 19618.63440832394
2.2333090632662132e10 19148.97393589007
2.2867375097558357e10 19058.20797395636
2.3401659562454582e10 19290.63287045861
2.3935944027350807e10 19226.99728197067
2.447022849224703e10 19045.125757835787
2.500451295714325e10 18460.372761272327
2.553879742203947e10 17428.96618011834
2.6073081886935696e10 17235.038357047615
2.660736635183192e10 17992.973379799405
2.7141650816728146e10 18619.891338511392
2.7675935281624367e10 18557.366439143618
2.821021974652059e10 17971.151951610922
2.8744504211416817e10 17276.596940343286
2.9278788676313034e10 16472.28934240004
2.981307314120926e10 16150.474239150903
3.034735760610548e10 16207.877053661881
3.0881642071001705e10 16205.572129866874
3.141592653589793e10 15744.996009210494
