5.235987755982988e9 23659.919879009227
5.770272220879211e9 15351.875732744098
6.3045566857754345e9 5632.778499387875
6.8388411506716585e9 7277.636683426617
7.373125615567881e9 11504.899300275833
7.907410080464106e9 9991.979368872957
8.441694545360328e9 7332.717795711018
8.975979010256552e9 7935.844336920466
9.510263475152775e9 8914.685080071422
1.0044547940049e10 8342.968631316466
1.057883240494522e10 8222.219766567923
1.1113116869841446e10 9312.248713115587
1.1647401334737667e10 10213.578235951642
1.2181685799633892e10 10305.025819601145
1.2715970264530115e10 10429.760116574951
1.3250254729426338e10 11020.499696429039
1.3784539194322561e10 11456.771612348555
1.4318823659218784e10 11311.877819995467
1.485310812411501e10 11620.372508993374
1.538739258901123e10 12971.874618331663
1.5921677053907455e10 14450.31829749177
1.6455961518803677e10 14792.653496478777
1.6990245983699902e10 14693.06993861186
1.7524530448596123e10 15765.000481000518
1.8058814913492348e10 17536.53479568503
1.8593099378388573e10 18517.045452799506
1.9127383843284798e10 18622.974778375497
1.9661668308181015e10 19007.554770773553
2.019595277307724e10 19793.403235940743
2.073023723797346e10 20274.7817224405
2.1264521702869686e10 20336.695223894865
2.179880616776591e10 20593.857159985062
2.2333090632662132e10 20938.157842513698
2.2867375097558357e10 20761.095510726245
2.3401659562454582e10 20382.47748235709
2.3935944027350807e10 20373.171053176346
2.447022849224703e10 20630.14464853894
2.500451295714325e10 20553.347484908238
2.553879742203947e10 20291.719336681424
2.6073081886935696e10 19863.24865421273
2.660736635183192e10 19096.687715627268
2.7141650816728146e10 18585.298175909356
2.7675935281624367e10 18671.518714681846
2.821021974652059e10 18597.941544908244
2.8744504211416817e10 17683.717499733506
2.9278788676313034e10 16385.68290343061
2.981307314120926e10 15494.187231119442
3.034735760610548e10 14939.446059656624
3.0881642071001705e10 14615.655097316916
3.141592653589793e10 14281.316165824
