5.235987755982988e9 22644.728396729624
5.770272220879211e9 14707.045244967825
6.3045566857754345e9 8288.602688218367
6.8388411506716585e9 10794.612424356843
7.373125615567881e9 13446.550209546183
7.907410080464106e9 10818.984886541572
8.441694545360328e9 7727.059654842861
8.975979010256552e9 7605.075047253176
9.510263475152775e9 8380.67923066528
1.0044547940049e10 8395.839168092272
1.057883240494522e10 8476.73297581784
1.1113116869841446e10 9194.168642370316
1.1647401334737667e10 9657.18770617017
1.2181685799633892e10 9510.353127449458
1.2715970264530115e10 9927.692301496825
1.3250254729426338e10 10988.597300105273
1.3784539194322561e10 11290.800243653668
1.4318823659218784e10 10653.725207266792
1.485310812411501e10 10606.238757042414
1.538739258901123e10 11465.500278946216
1.5921677053907455e10 11885.694105973813
1.6455961518803677e10 11312.466115794485
1.6990245983699902e10 10727.36449539871
1.7524530448596123e10 11078.718244053978
1.8058814913492348e10 12032.274337782279
1.8593099378388573e10 12829.548368072215
1.9127383843284798e10 13578.52040696941
1.9661668308181015e10 14749.141024755252
2.019595277307724e10 15846.6449548959
2.073023723797346e10 16079.895696648244
2.1264521702869686e10 15452.257711533819
2.179880616776591e10 14710.317486676413
2.2333090632662132e10 14171.820713742505
2.2867375097558357e10 13793.208522070869
2.3401659562454582e10 13693.29056411264
2.3935944027350807e10 14081.396569251434
2.447022849224703e10 14616.405328062014
2.500451295714325e10 14802.244822957211
2.553879742203947e10 14546.471636046197
2.6073081886935696e10 14129.95970913366
2.660736635183192e10 13789.664691217253
2.7141650816728146e10 13742.441826291448
2.7675935281624367e10 13762.331006332946
2.821021974652059e10 13438.597986189967
2.8744504211416817e10 12855.327213779226
2.9278788676313034e10 12591.320661031303
2.981307314120926e10 12880.275780227892
3.034735760610548e10 13107.932133101905
3.0881642071001705e10 12917.489497429144
3.141592653589793e10 12423.205422175646
