5.235987755982988e9 65311.76943708366
5.770272220879211e9 103200.10131130225
6.3045566857754345e9 92915.50153269606
6.8388411506716585e9 49373.70066993639
7.373125615567881e9 73221.15508625114
7.907410080464106e9 55754.879708381195
8.441694545360328e9 63094.06871603337
8.975979010256552e9 57187.00715019374
9.510263475152775e9 52658.76007759929
1.0044547940049e10 63615.577703724935
1.057883240494522e10 57864.245074084174
1.1113116869841446e10 60320.47946715348
1.1647401334737667e10 60898.65133485721
1.2181685799633892e10 61924.805788236234
1.2715970264530115e10 67140.09944026431
1.3250254729426338e10 65716.21647835833
1.3784539194322561e10 67369.92039831987
1.4318823659218784e10 73112.66002767728
1.485310812411501e10 83098.93516076633
1.538739258901123e10 90441.80779666633
1.5921677053907455e10 89884.37186610099
1.6455961518803677e10 95041.0656434769
1.6990245983699902e10 105198.58970981791
1.7524530448596123e10 112778.71251864823
1.8058814913492348e10 116851.67972880308
1.8593099378388573e10 114063.03288906469
1.9127383843284798e10 120404.68937108862
1.9661668308181015e10 131337.45850518867
2.019595277307724e10 127644.25064812962
2.073023723797346e10 128571.85398313092
2.1264521702869686e10 134137.1020577018
2.179880616776591e10 134559.35684980536
2.2333090632662132e10 133029.87727285936
2.2867375097558357e10 131539.1957127101
2.3401659562454582e10 130526.65827605934
2.3935944027350807e10 132808.2773840472
2.447022849224703e10 132748.56696811967
2.500451295714325e10 133807.27565141313
2.553879742203947e10 128967.09483265177
2.6073081886935696e10 123043.10439110581
2.660736635183192e10 120243.68171602128
2.7141650816728146e10 121378.44278658935
2.7675935281624367e10 117620.2006774202
2.821021974652059e10 111707.22577803048
2.8744504211416817e10 110044.8824811721
2.9278788676313034e10 104711.49058723569
2.981307314120926e10 100102.4028401869
3.034735760610548e10 96636.92033629918
3.0881642071001705e10 91223.16771937371
3.141592653589793e10 86359.98742601018
