5.235987755982988e9 54632.80952156655
5.770272220879211e9 79317.87821691013
6.3045566857754345e9 71224.28041481608
6.8388411506716585e9 36038.0495838452
7.373125615567881e9 60481.73806919656
7.907410080464106e9 36892.598891153204
8.441694545360328e9 42545.19636716697
8.975979010256552e9 40787.62166178063
9.510263475152775e9 34086.65162974575
1.0044547940049e10 43794.99411931776
1.057883240494522e10 38370.603214677234
1.1113116869841446e10 41722.54761020479
1.1647401334737667e10 45177.073982629765
1.2181685799633892e10 45407.35708835035
1.2715970264530115e10 52093.69444763075
1.3250254729426338e10 51413.329236460035
1.3784539194322561e10 52469.58184241035
1.4318823659218784e10 58119.71311483422
1.485310812411501e10 65723.47198270232
1.538739258901123e10 71549.91571938063
1.5921677053907455e10 74096.35623345083
1.6455961518803677e10 82323.37802471512
1.6990245983699902e10 95256.30562425609
1.7524530448596123e10 103476.69950187641
1.8058814913492348e10 108686.66788994784
1.8593099378388573e10 107513.89132231806
1.9127383843284798e10 116210.6938554714
1.9661668308181015e10 131310.1755572456
2.019595277307724e10 128230.05867567
2.073023723797346e10 130337.28406458
2.1264521702869686e10 134103.9660495898
2.179880616776591e10 136377.9546166897
2.2333090632662132e10 138639.84403914242
2.2867375097558357e10 139028.5744432172
2.3401659562454582e10 138375.1812090413
2.3935944027350807e10 140578.88404198576
2.447022849224703e10 138881.17564056127
2.500451295714325e10 137018.1452251414
2.553879742203947e10 133915.9398006101
2.6073081886935696e10 128693.25545294723
2.660736635183192e10 127239.64392664832
2.7141650816728146e10 124721.02499126096
2.7675935281624367e10 120702.61218721907
2.821021974652059e10 115441.78127911956
2.8744504211416817e10 112290.63678340007
2.9278788676313034e10 106091.01841573023
2.981307314120926e10 100874.71462774216
3.034735760610548e10 97829.38351731047
3.0881642071001705e10 92880.6935042773
3.141592653589793e10 88048.13076417729
