5.235987755982988e9 57678.880125450414
5.770272220879211e9 82087.62782042113
6.3045566857754345e9 75493.09914216855
6.8388411506716585e9 36260.041659628434
7.373125615567881e9 59729.495811958805
7.907410080464106e9 35866.910861287564
8.441694545360328e9 42833.44165607974
8.975979010256552e9 41664.725577000194
9.510263475152775e9 35394.57479007171
1.0044547940049e10 44346.77004640429
1.057883240494522e10 37523.99352143326
1.1113116869841446e10 41835.93552843567
1.1647401334737667e10 45407.95989859384
1.2181685799633892e10 46091.22442111934
1.2715970264530115e10 53290.59022661552
1.3250254729426338e10 52089.69862281787
1.3784539194322561e10 54387.00672558448
1.4318823659218784e10 59738.89187478807
1.485310812411501e10 67150.00069552526
1.538739258901123e10 74228.29629064133
1.5921677053907455e10 76540.8852811605
1.6455961518803677e10 85346.13069754037
1.6990245983699902e10 98145.0465564224
1.7524530448596123e10 107225.99208319013
1.8058814913492348e10 114046.14174803956
1.8593099378388573e10 111557.04661421361
1.9127383843284798e10 119718.78205066941
1.9661668308181015e10 135877.45580107544
2.019595277307724e10 133254.36809242645
2.073023723797346e10 134494.4845871764
2.1264521702869686e10 138270.44962698783
2.179880616776591e10 139215.6527408098
2.2333090632662132e10 141958.64711339615
2.2867375097558357e10 143711.9934021095
2.3401659562454582e10 143183.8926435912
2.3935944027350807e10 145864.0249050015
2.447022849224703e10 145694.87605357112
2.500451295714325e10 144937.9592318298
2.553879742203947e10 141591.0808631738
2.6073081886935696e10 134963.24499108823
2.660736635183192e10 131716.6775772859
2.7141650816728146e10 130700.73821476227
2.7675935281624367e10 127898.53870102004
2.821021974652059e10 122187.71125137454
2.8744504211416817e10 118009.91468018483
2.9278788676313034e10 111203.99388974298
2.981307314120926e10 105161.06704692934
3.034735760610548e10 101161.03689094994
3.0881642071001705e10 95837.92539558663
3.141592653589793e10 89815.04037317456
