5.235987755982988e9 57938.14986769864
5.770272220879211e9 79667.73459271461
6.3045566857754345e9 73324.222764148
6.8388411506716585e9 40721.55885052572
7.373125615567881e9 66525.76751563021
7.907410080464106e9 43374.21979366182
8.441694545360328e9 47567.765891352916
8.975979010256552e9 46385.35188198407
9.510263475152775e9 39990.694784276704
1.0044547940049e10 49063.344960391325
1.057883240494522e10 45250.97328449637
1.1113116869841446e10 48113.47488691155
1.1647401334737667e10 50498.225766293566
1.2181685799633892e10 50087.00329478333
1.2715970264530115e10 56516.37585653888
1.3250254729426338e10 56520.757541696126
1.3784539194322561e10 57441.36716295473
1.4318823659218784e10 62200.13518077816
1.485310812411501e10 69513.28394949855
1.538739258901123e10 75912.13203636903
1.5921677053907455e10 78703.2525043277
1.6455961518803677e10 86971.92455943882
1.6990245983699902e10 99289.21939353248
1.7524530448596123e10 105707.8271883287
1.8058814913492348e10 110703.12265023935
1.8593099378388573e10 108762.88154152899
1.9127383843284798e10 116919.61193254315
1.9661668308181015e10 129902.53343431266
2.019595277307724e10 126113.24303771331
2.073023723797346e10 127544.39270807501
2.1264521702869686e10 131120.64329587924
2.179880616776591e10 132804.92200386754
2.2333090632662132e10 133319.07779487985
2.2867375097558357e10 133031.2868573165
2.3401659562454582e10 133107.225124895
2.3935944027350807e10 134455.37277684745
2.447022849224703e10 132545.91243234466
2.500451295714325e10 128966.06873099785
2.553879742203947e10 126704.94638680504
2.6073081886935696e10 123539.16650419115
2.660736635183192e10 120676.71938543062
2.7141650816728146e10 117594.25695747919
2.7675935281624367e10 114836.28094855217
2.821021974652059e10 111038.3845179176
2.8744504211416817e10 107999.58826167264
2.9278788676313034e10 102805.965712104
2.981307314120926e10 97250.16583484935
3.034735760610548e10 94315.00101575044
3.0881642071001705e10 89511.82165396352
3.141592653589793e10 86445.41151926336
