5.235987755982988e9 57736.702552464856
5.770272220879211e9 81352.06830415103
6.3045566857754345e9 73940.1246369709
6.8388411506716585e9 36460.72385528285
7.373125615567881e9 60980.66599831999
7.907410080464106e9 36480.765876321755
8.441694545360328e9 44003.17714440196
8.975979010256552e9 42412.91043363066
9.510263475152775e9 34659.38986181898
1.0044547940049e10 44398.09383250467
1.057883240494522e10 38816.213487389825
1.1113116869841446e10 42730.539544281906
1.1647401334737667e10 45723.35311772844
1.2181685799633892e10 46910.888785859766
1.2715970264530115e10 53972.74221042918
1.3250254729426338e10 52908.33530542517
1.3784539194322561e10 54765.02706619552
1.4318823659218784e10 59678.10198094386
1.485310812411501e10 67145.89402150096
1.538739258901123e10 74369.06133767788
1.5921677053907455e10 77169.45764067846
1.6455961518803677e10 86181.00578238792
1.6990245983699902e10 98524.08025914876
1.7524530448596123e10 108246.67423820776
1.8058814913492348e10 114610.13076031226
1.8593099378388573e10 112104.2903590636
1.9127383843284798e10 120779.82984352385
1.9661668308181015e10 137566.530284256
2.019595277307724e10 134512.867141773
2.073023723797346e10 136004.01997511977
2.1264521702869686e10 139964.37303271695
2.179880616776591e10 141537.22910738704
2.2333090632662132e10 143273.02411914233
2.2867375097558357e10 144931.4102125382
2.3401659562454582e10 145189.9522457122
2.3935944027350807e10 147306.40928085166
2.447022849224703e10 146819.55210257924
2.500451295714325e10 145632.4314266313
2.553879742203947e10 142584.18597485108
2.6073081886935696e10 136304.91673317846
2.660736635183192e10 133025.024342714
2.7141650816728146e10 131832.64483962208
2.7675935281624367e10 128413.77230741877
2.821021974652059e10 122464.64877761398
2.8744504211416817e10 118440.31002959005
2.9278788676313034e10 111951.3955718556
2.981307314120926e10 105705.96139624642
3.034735760610548e10 101709.83132442005
3.0881642071001705e10 96146.28999081647
3.141592653589793e10 90445.84993283433
