5.235987755982988e9 89001.67250692894
5.770272220879211e9 108400.35467234794
6.3045566857754345e9 113069.28088064956
6.8388411506716585e9 87023.03570958442
7.373125615567881e9 102625.13630912277
7.907410080464106e9 80968.01190978553
8.441694545360328e9 88756.0137225192
8.975979010256552e9 89241.1204439017
9.510263475152775e9 89714.67170875336
1.0044547940049e10 95735.00858708967
1.057883240494522e10 83634.5449476602
1.1113116869841446e10 85010.6223941488
1.1647401334737667e10 90358.62280986253
1.2181685799633892e10 94174.17040540541
1.2715970264530115e10 99740.44490321763
1.3250254729426338e10 98597.08911812972
1.3784539194322561e10 97060.57821169961
1.4318823659218784e10 96960.40190521695
1.485310812411501e10 95088.77548905052
1.538739258901123e10 100541.40479703849
1.5921677053907455e10 101754.6104995079
1.6455961518803677e10 103701.72052152173
1.6990245983699902e10 104548.41387549044
1.7524530448596123e10 101480.36507216198
1.8058814913492348e10 102960.7590460744
1.8593099378388573e10 107753.14659715445
1.9127383843284798e10 110441.71014659334
1.9661668308181015e10 112717.41376958664
2.019595277307724e10 109721.18809396151
2.073023723797346e10 108038.85507629959
2.1264521702869686e10 108415.77792666086
2.179880616776591e10 110120.92995685007
2.2333090632662132e10 107640.28124631423
2.2867375097558357e10 102496.05782274167
2.3401659562454582e10 103984.87233655609
2.3935944027350807e10 102426.80593539633
2.447022849224703e10 98167.10249574734
2.500451295714325e10 98586.577203842
2.553879742203947e10 99050.9041817366
2.6073081886935696e10 98441.58154487917
2.660736635183192e10 97373.12646011499
2.7141650816728146e10 94614.7735443403
2.7675935281624367e10 93654.73715909121
2.821021974652059e10 90533.2333149576
2.8744504211416817e10 86030.39763043936
2.9278788676313034e10 84126.72029165893
2.981307314120926e10 84882.09275801177
3.034735760610548e10 82628.80776260278
3.0881642071001705e10 78714.38756829964
3.141592653589793e10 76579.74537470879
