5.235987755982988e9 74829.82362872067
5.770272220879211e9 91589.2630906062
6.3045566857754345e9 91172.37064950031
6.8388411506716585e9 61140.9096352832
7.373125615567881e9 77822.2225795889
7.907410080464106e9 55984.41853880262
8.441694545360328e9 64910.97209140165
8.975979010256552e9 67802.0412289134
9.510263475152775e9 64872.822414738446
1.0044547940049e10 69604.24657938721
1.057883240494522e10 61749.980116218176
1.1113116869841446e10 67978.2388022098
1.1647401334737667e10 69619.29256614235
1.2181685799633892e10 70352.50989888633
1.2715970264530115e10 81189.72857074319
1.3250254729426338e10 79637.68128433457
1.3784539194322561e10 76899.0411590929
1.4318823659218784e10 82772.37950574962
1.485310812411501e10 84116.10497584651
1.538739258901123e10 86892.95633409808
1.5921677053907455e10 89718.80025523702
1.6455961518803677e10 92844.85779638829
1.6990245983699902e10 98943.34849919088
1.7524530448596123e10 97304.0290261324
1.8058814913492348e10 99130.31137942799
1.8593099378388573e10 105603.35980512384
1.9127383843284798e10 113243.97780215276
1.9661668308181015e10 118175.36713785303
2.019595277307724e10 114791.8640686215
2.073023723797346e10 114700.77077416908
2.1264521702869686e10 116596.97714581585
2.179880616776591e10 117332.96281258189
2.2333090632662132e10 115907.91016028517
2.2867375097558357e10 110650.13086750222
2.3401659562454582e10 111224.15639637176
2.3935944027350807e10 109372.3693072034
2.447022849224703e10 107018.35632403249
2.500451295714325e10 108717.18565304576
2.553879742203947e10 105266.83910479984
2.6073081886935696e10 100712.88515229335
2.660736635183192e10 99595.1541719058
2.7141650816728146e10 98539.66737775518
2.7675935281624367e10 97256.60883919819
2.821021974652059e10 93084.80571529185
2.8744504211416817e10 88313.03200465311
2.9278788676313034e10 85238.12423335349
2.981307314120926e10 85396.18987608301
3.034735760610548e10 84410.26312733197
3.0881642071001705e10 81483.68125528921
3.141592653589793e10 78757.243021911
