5.235987755982988e9 93877.6768256973
5.770272220879211e9 105389.75243583578
6.3045566857754345e9 112820.69483881957
6.8388411506716585e9 81574.05776283378
7.373125615567881e9 100911.10565314343
7.907410080464106e9 80298.18757549391
8.441694545360328e9 81851.59609993422
8.975979010256552e9 85284.84249628584
9.510263475152775e9 78851.06622567725
1.0044547940049e10 81333.21563564117
1.057883240494522e10 80931.29988563815
1.1113116869841446e10 86946.16287626332
1.1647401334737667e10 88934.65691474898
1.2181685799633892e10 87984.25557063978
1.2715970264530115e10 92757.79967376107
1.3250254729426338e10 90371.022089087
1.3784539194322561e10 87417.26936633776
1.4318823659218784e10 87055.65995697615
1.485310812411501e10 90517.96333518418
1.538739258901123e10 98712.30360721837
1.5921677053907455e10 101155.56442524925
1.6455961518803677e10 104822.47451729442
1.6990245983699902e10 109520.32911374529
1.7524530448596123e10 111580.12396805685
1.8058814913492348e10 113059.70815775199
1.8593099378388573e10 111710.05971286034
1.9127383843284798e10 118234.3315002474
1.9661668308181015e10 121891.15629215717
2.019595277307724e10 115220.82058405639
2.073023723797346e10 115349.0137432133
2.1264521702869686e10 120946.56539431572
2.179880616776591e10 123704.8843299514
2.2333090632662132e10 121102.7868222091
2.2867375097558357e10 118707.29317766911
2.3401659562454582e10 117058.15520822868
2.3935944027350807e10 117963.28396722832
2.447022849224703e10 117136.58225592888
2.500451295714325e10 113285.97692325107
2.553879742203947e10 109544.60770314783
2.6073081886935696e10 108436.43186586726
2.660736635183192e10 107622.11441353647
2.7141650816728146e10 107546.97564002541
2.7675935281624367e10 106765.60421349875
2.821021974652059e10 101896.42462337819
2.8744504211416817e10 94249.68081483051
2.9278788676313034e10 92117.29071336421
2.981307314120926e10 89043.13482737848
3.034735760610548e10 86967.5922830507
3.0881642071001705e10 87181.86684204634
3.141592653589793e10 83626.57143423423
