5.235987755982988e9 62081.37455146867
5.770272220879211e9 89040.92917613374
6.3045566857754345e9 86368.32337505295
6.8388411506716585e9 56026.210944280785
7.373125615567881e9 69882.29385233625
7.907410080464106e9 56083.62988207337
8.441694545360328e9 68742.20084436172
8.975979010256552e9 64201.53703469568
9.510263475152775e9 60825.2065191148
1.0044547940049e10 72030.35055041045
1.057883240494522e10 69794.88159843042
1.1113116869841446e10 71428.83571839659
1.1647401334737667e10 74629.30629218345
1.2181685799633892e10 75987.64061177566
1.2715970264530115e10 77417.79610689108
1.3250254729426338e10 76303.6413286784
1.3784539194322561e10 82621.4635835052
1.4318823659218784e10 83307.09765929985
1.485310812411501e10 86410.72018688761
1.538739258901123e10 92872.33691439674
1.5921677053907455e10 94950.42611517145
1.6455961518803677e10 99546.07617668054
1.6990245983699902e10 99714.61977002645
1.7524530448596123e10 104527.82740909666
1.8058814913492348e10 113772.82057878861
1.8593099378388573e10 113388.46183103624
1.9127383843284798e10 111879.7580658271
1.9661668308181015e10 112991.55844243616
2.019595277307724e10 110699.5488688947
2.073023723797346e10 108263.51191484657
2.1264521702869686e10 110117.09967393223
2.179880616776591e10 111676.59177307216
2.2333090632662132e10 113685.1032368852
2.2867375097558357e10 112748.37480389346
2.3401659562454582e10 110180.10787058942
2.3935944027350807e10 110875.1106134736
2.447022849224703e10 107588.27602589318
2.500451295714325e10 104065.86749423473
2.553879742203947e10 102516.54860303317
2.6073081886935696e10 103205.16001893271
2.660736635183192e10 102221.4399613858
2.7141650816728146e10 100588.46029975318
2.7675935281624367e10 99588.2885194725
2.821021974652059e10 98008.22630575139
2.8744504211416817e10 93101.86653932885
2.9278788676313034e10 89566.37855425414
2.981307314120926e10 88064.08952991912
3.034735760610548e10 82969.1915588218
3.0881642071001705e10 79006.02939714311
3.141592653589793e10 77890.82512403802
