5.235987755982988e9 52007.07471883398
5.770272220879211e9 78540.43438683476
6.3045566857754345e9 73611.13224288043
6.8388411506716585e9 41382.76118206093
7.373125615567881e9 58131.04787741712
7.907410080464106e9 40672.4206217006
8.441694545360328e9 49134.88600807478
8.975979010256552e9 46672.16804515269
9.510263475152775e9 40543.455626888775
1.0044547940049e10 49104.00253888919
1.057883240494522e10 46843.6746792416
1.1113116869841446e10 50375.86825554466
1.1647401334737667e10 53803.7242616133
1.2181685799633892e10 57733.70305704134
1.2715970264530115e10 62213.39785137923
1.3250254729426338e10 61052.92306926286
1.3784539194322561e10 65555.3108138905
1.4318823659218784e10 68490.69102695322
1.485310812411501e10 73459.50681516234
1.538739258901123e10 79477.85533342206
1.5921677053907455e10 82186.74356311298
1.6455961518803677e10 89279.9149021514
1.6990245983699902e10 96102.24744525008
1.7524530448596123e10 103312.22012158376
1.8058814913492348e10 111400.93960478422
1.8593099378388573e10 110019.39815267855
1.9127383843284798e10 111287.99512292404
1.9661668308181015e10 120612.64779796016
2.019595277307724e10 118799.12223472646
2.073023723797346e10 115816.78656114235
2.1264521702869686e10 117970.76487210408
2.179880616776591e10 119902.66973757859
2.2333090632662132e10 120699.35104644138
2.2867375097558357e10 119224.84073806801
2.3401659562454582e10 117397.97256769096
2.3935944027350807e10 118844.43605673139
2.447022849224703e10 116624.60584890979
2.500451295714325e10 114737.95832270458
2.553879742203947e10 114006.96895114005
2.6073081886935696e10 110370.67134876862
2.660736635183192e10 107300.11648051461
2.7141650816728146e10 105804.4284922357
2.7675935281624367e10 104873.1804661279
2.821021974652059e10 105417.07886819319
2.8744504211416817e10 100648.72907936371
2.9278788676313034e10 93517.4919591379
2.981307314120926e10 89949.40004146783
3.034735760610548e10 87091.62047479021
3.0881642071001705e10 86092.76501940752
3.141592653589793e10 82951.9180568525
