5.235987755982988e9 59676.844349004736
5.770272220879211e9 92548.83829651207
6.3045566857754345e9 83597.41180475304
6.8388411506716585e9 42296.92634487387
7.373125615567881e9 65939.69193006855
7.907410080464106e9 47007.04532193583
8.441694545360328e9 54300.08273982429
8.975979010256552e9 49101.71856899233
9.510263475152775e9 43421.85871944398
1.0044547940049e10 53258.21735587982
1.057883240494522e10 47658.80186420486
1.1113116869841446e10 50812.920204995935
1.1647401334737667e10 52889.25022433228
1.2181685799633892e10 55289.99027973934
1.2715970264530115e10 61575.93798425395
1.3250254729426338e10 60451.476533633475
1.3784539194322561e10 62020.324687645
1.4318823659218784e10 66780.97840425203
1.485310812411501e10 76023.39559818448
1.538739258901123e10 83034.16250294163
1.5921677053907455e10 83268.45480895882
1.6455961518803677e10 89813.44642011143
1.6990245983699902e10 103030.75295048734
1.7524530448596123e10 111231.17324257552
1.8058814913492348e10 113746.79731002262
1.8593099378388573e10 112292.6351851023
1.9127383843284798e10 121042.91261239002
1.9661668308181015e10 133809.78695326086
2.019595277307724e10 131644.81226002562
2.073023723797346e10 132692.81293545393
2.1264521702869686e10 136613.751851413
2.179880616776591e10 135599.55632604146
2.2333090632662132e10 135260.94775302592
2.2867375097558357e10 134401.90283361872
2.3401659562454582e10 133742.20567256695
2.3935944027350807e10 134743.36169004467
2.447022849224703e10 134507.82350793356
2.500451295714325e10 135499.10985393845
2.553879742203947e10 131494.37415140684
2.6073081886935696e10 124701.34569810775
2.660736635183192e10 122591.09371839411
2.7141650816728146e10 124842.41922228537
2.7675935281624367e10 121132.85649478005
2.821021974652059e10 114338.32150628568
2.8744504211416817e10 112372.86835280954
2.9278788676313034e10 104950.07086569835
2.981307314120926e10 100905.52074072431
3.034735760610548e10 97902.1994157694
3.0881642071001705e10 92348.10157817618
3.141592653589793e10 88722.16436727476
