5.235987755982988e9 72527.18061778035
5.770272220879211e9 113345.44048943763
6.3045566857754345e9 102738.49519944347
6.8388411506716585e9 58605.258690011025
7.373125615567881e9 80061.97089710734
7.907410080464106e9 62026.767006249895
8.441694545360328e9 70793.88399212188
8.975979010256552e9 64323.04827891299
9.510263475152775e9 59326.29317176124
1.0044547940049e10 70123.71092671805
1.057883240494522e10 66335.43148312146
1.1113116869841446e10 72055.5844112871
1.1647401334737667e10 69509.34696417184
1.2181685799633892e10 67835.06464397484
1.2715970264530115e10 71876.95333619938
1.3250254729426338e10 71982.85717195453
1.3784539194322561e10 74572.60312460634
1.4318823659218784e10 78744.92708441326
1.485310812411501e10 87206.50758775722
1.538739258901123e10 93689.42287948872
1.5921677053907455e10 94011.95032461658
1.6455961518803677e10 99179.3400124193
1.6990245983699902e10 107535.42949452471
1.7524530448596123e10 113782.61411935747
1.8058814913492348e10 117634.49196020835
1.8593099378388573e10 115175.92365118492
1.9127383843284798e10 122011.15863027294
1.9661668308181015e10 132553.50957104476
2.019595277307724e10 127679.33181247124
2.073023723797346e10 126792.22196331169
2.1264521702869686e10 132566.847499994
2.179880616776591e10 132615.8280003379
2.2333090632662132e10 131059.59967526264
2.2867375097558357e10 130753.91485845808
2.3401659562454582e10 130954.34989461157
2.3935944027350807e10 132101.25280818483
2.447022849224703e10 132622.40013423518
2.500451295714325e10 133106.2400324168
2.553879742203947e10 128166.54373453936
2.6073081886935696e10 120981.59435294585
2.660736635183192e10 117760.76884575943
2.7141650816728146e10 119430.64614862509
2.7675935281624367e10 114468.3116037815
2.821021974652059e10 109503.3029658256
2.8744504211416817e10 107765.8382109815
2.9278788676313034e10 103717.82373700746
2.981307314120926e10 98923.68694518162
3.034735760610548e10 95293.76196572681
3.0881642071001705e10 89565.550814202
3.141592653589793e10 85881.41195691643
