5.235987755982988e9 105476.40019645981
5.770272220879211e9 121706.30459542431
6.3045566857754345e9 129999.12325846014
6.8388411506716585e9 110021.5915476276
7.373125615567881e9 126544.424167085
7.907410080464106e9 106788.576617068
8.441694545360328e9 108010.55538277728
8.975979010256552e9 103798.50592557101
9.510263475152775e9 106575.37484577378
1.0044547940049e10 114816.82906943394
1.057883240494522e10 98104.59716185724
1.1113116869841446e10 91394.27578283621
1.1647401334737667e10 99544.38781966905
1.2181685799633892e10 105437.86341398861
1.2715970264530115e10 109189.40483408676
1.3250254729426338e10 108140.37238636652
1.3784539194322561e10 103962.91942721207
1.4318823659218784e10 98868.88527283858
1.485310812411501e10 100724.95468657136
1.538739258901123e10 107735.78424657712
1.5921677053907455e10 107886.12331411621
1.6455961518803677e10 110882.29140461997
1.6990245983699902e10 107811.03663994664
1.7524530448596123e10 102931.03738273375
1.8058814913492348e10 100945.35451743391
1.8593099378388573e10 105440.91627645222
1.9127383843284798e10 104904.62684758125
1.9661668308181015e10 104955.74966848316
2.019595277307724e10 104790.94887858609
2.073023723797346e10 103386.00604332748
2.1264521702869686e10 105127.84567179445
2.179880616776591e10 107005.61205653944
2.2333090632662132e10 102967.73713581922
2.2867375097558357e10 98637.89829545651
2.3401659562454582e10 98752.11396084107
2.3935944027350807e10 97914.12637410019
2.447022849224703e10 94644.00867306587
2.500451295714325e10 91943.20947767099
2.553879742203947e10 91988.30986517902
2.6073081886935696e10 92982.36871118528
2.660736635183192e10 92101.6230918424
2.7141650816728146e10 91029.00177897543
2.7675935281624367e10 89754.77783563906
2.821021974652059e10 86627.76043412769
2.8744504211416817e10 81656.80193246009
2.9278788676313034e10 79382.50010695483
2.981307314120926e10 80737.41198423947
3.034735760610548e10 78940.78025924879
3.0881642071001705e10 75746.5336305885
3.141592653589793e10 73683.03221289297
