5.235987755982988e9 96264.02746025905
5.770272220879211e9 122833.65837368586
6.3045566857754345e9 121114.35393842008
6.8388411506716585e9 104811.42975288737
7.373125615567881e9 115643.83761663995
7.907410080464106e9 98022.47716218253
8.441694545360328e9 111180.5081441909
8.975979010256552e9 109102.25751939896
9.510263475152775e9 107927.87698912984
1.0044547940049e10 115504.30723271442
1.057883240494522e10 109164.40103187761
1.1113116869841446e10 109568.97208623831
1.1647401334737667e10 110373.90992556588
1.2181685799633892e10 104809.98167516253
1.2715970264530115e10 105478.90193738116
1.3250254729426338e10 99564.85393257863
1.3784539194322561e10 100343.39487036248
1.4318823659218784e10 102115.8905459142
1.485310812411501e10 104008.52468340147
1.538739258901123e10 105386.54867669381
1.5921677053907455e10 107349.54183234577
1.6455961518803677e10 113020.91842170598
1.6990245983699902e10 113639.3656654442
1.7524530448596123e10 114609.50591257858
1.8058814913492348e10 115330.55603769013
1.8593099378388573e10 111977.90046516412
1.9127383843284798e10 107079.65148703312
1.9661668308181015e10 105463.30629712855
2.019595277307724e10 103004.22856324431
2.073023723797346e10 102899.8257926829
2.1264521702869686e10 105553.03256278628
2.179880616776591e10 104697.52842514105
2.2333090632662132e10 101587.65180066871
2.2867375097558357e10 99791.42265215312
2.3401659562454582e10 103194.86132857531
2.3935944027350807e10 101903.62666105285
2.447022849224703e10 98080.20722325581
2.500451295714325e10 95862.35304026057
2.553879742203947e10 93592.8824620877
2.6073081886935696e10 93877.56963283726
2.660736635183192e10 93422.5793390082
2.7141650816728146e10 93253.96664927283
2.7675935281624367e10 89771.01197480879
2.821021974652059e10 87701.08441426951
2.8744504211416817e10 85186.18430654502
2.9278788676313034e10 82049.06385643536
2.981307314120926e10 81513.69614460252
3.034735760610548e10 79980.52080261768
3.0881642071001705e10 76995.96354825947
3.141592653589793e10 74479.04512273116
