5.235987755982988e9 79535.36684920889
5.770272220879211e9 105941.25985361116
6.3045566857754345e9 103187.56767855924
6.8388411506716585e9 79109.54637243635
7.373125615567881e9 92267.97734789769
7.907410080464106e9 77654.60130499242
8.441694545360328e9 92063.49419281892
8.975979010256552e9 89588.97959109781
9.510263475152775e9 88391.50094005285
1.0044547940049e10 100130.559357357
1.057883240494522e10 94626.81800338298
1.1113116869841446e10 92931.54431977293
1.1647401334737667e10 94326.12115289236
1.2181685799633892e10 90256.23948509854
1.2715970264530115e10 89619.69822015837
1.3250254729426338e10 87265.6394725768
1.3784539194322561e10 92122.10534201693
1.4318823659218784e10 93195.18691413994
1.485310812411501e10 97506.8362157722
1.538739258901123e10 104395.8019129091
1.5921677053907455e10 105990.21764825982
1.6455961518803677e10 110652.57026027858
1.6990245983699902e10 109140.43307457626
1.7524530448596123e10 111847.78134144924
1.8058814913492348e10 117355.0959313041
1.8593099378388573e10 114262.16212968079
1.9127383843284798e10 109963.27375132106
1.9661668308181015e10 108306.74784762802
2.019595277307724e10 104240.58344098074
2.073023723797346e10 105014.49770345299
2.1264521702869686e10 109428.89989901433
2.179880616776591e10 106890.00111801951
2.2333090632662132e10 106537.7342061513
2.2867375097558357e10 107238.1959272838
2.3401659562454582e10 106567.25973843945
2.3935944027350807e10 105337.35551654817
2.447022849224703e10 101697.87929691731
2.500451295714325e10 98183.80114794247
2.553879742203947e10 97096.99540279484
2.6073081886935696e10 99895.75419472058
2.660736635183192e10 100784.5308118589
2.7141650816728146e10 98831.85880793906
2.7675935281624367e10 94306.69123386932
2.821021974652059e10 91174.31421353792
2.8744504211416817e10 87659.12442186012
2.9278788676313034e10 85009.401440773
2.981307314120926e10 84794.20105965408
3.034735760610548e10 80365.83204228368
3.0881642071001705e10 77839.74841689266
3.141592653589793e10 77981.78223135915
