5.235987755982988e9 51967.50383036276
5.770272220879211e9 77241.9402146779
6.3045566857754345e9 69504.65677648339
6.8388411506716585e9 34865.863454262
7.373125615567881e9 55285.12685328543
7.907410080464106e9 33900.64714840939
8.441694545360328e9 42129.488817799436
8.975979010256552e9 41661.22660181252
9.510263475152775e9 33597.10696540186
1.0044547940049e10 41178.67301545428
1.057883240494522e10 35912.04384488077
1.1113116869841446e10 39932.94333423552
1.1647401334737667e10 43871.85383558951
1.2181685799633892e10 46930.85360454172
1.2715970264530115e10 51908.84648335717
1.3250254729426338e10 50907.30077408175
1.3784539194322561e10 53299.67532782729
1.4318823659218784e10 56953.814590596885
1.485310812411501e10 64115.093520637616
1.538739258901123e10 70840.39175882777
1.5921677053907455e10 74001.44545536328
1.6455961518803677e10 81584.40464308143
1.6990245983699902e10 92340.25871388255
1.7524530448596123e10 101105.11478033378
1.8058814913492348e10 107748.50651318947
1.8593099378388573e10 104987.87513179955
1.9127383843284798e10 110877.04633726296
1.9661668308181015e10 125593.59797146694
2.019595277307724e10 123435.63148402376
2.073023723797346e10 122015.91323707969
2.1264521702869686e10 125046.62390682391
2.179880616776591e10 128029.67200746079
2.2333090632662132e10 129147.85869654267
2.2867375097558357e10 129505.2608367313
2.3401659562454582e10 128622.94695658478
2.3935944027350807e10 130055.36930390613
2.447022849224703e10 128565.25396331919
2.500451295714325e10 128063.96945591288
2.553879742203947e10 126138.5890150506
2.6073081886935696e10 121665.27455650414
2.660736635183192e10 119448.09960009741
2.7141650816728146e10 117051.8291166334
2.7675935281624367e10 114134.34439568158
2.821021974652059e10 111243.19250109335
2.8744504211416817e10 108824.52345431445
2.9278788676313034e10 102896.93647076425
2.981307314120926e10 96532.88487982149
3.034735760610548e10 93630.03535340955
3.0881642071001705e10 90071.21793619258
3.141592653589793e10 85597.19678341316
