5.235987755982988e9 58501.289927821555
5.770272220879211e9 84594.95716598684
6.3045566857754345e9 76853.3378595632
6.8388411506716585e9 37169.27588012364
7.373125615567881e9 61519.55415387957
7.907410080464106e9 36785.425868735445
8.441694545360328e9 44269.42139306647
8.975979010256552e9 42617.2154230952
9.510263475152775e9 35655.61644373766
1.0044547940049e10 44957.59575463699
1.057883240494522e10 38709.86317569201
1.1113116869841446e10 42972.68090678275
1.1647401334737667e10 46191.91473167011
1.2181685799633892e10 47563.803401321864
1.2715970264530115e10 54341.21544828722
1.3250254729426338e10 53423.557243444906
1.3784539194322561e10 55762.65273532427
1.4318823659218784e10 60667.49872980062
1.485310812411501e10 68249.25193277418
1.538739258901123e10 75682.01180607367
1.5921677053907455e10 78333.00648094674
1.6455961518803677e10 87100.06188296783
1.6990245983699902e10 100140.69013574063
1.7524530448596123e10 109808.25183400663
1.8058814913492348e10 116411.82377546883
1.8593099378388573e10 114139.52693072615
1.9127383843284798e10 122453.79111118011
1.9661668308181015e10 139238.15308470358
2.019595277307724e10 136047.21188372525
2.073023723797346e10 138009.87431231118
2.1264521702869686e10 141816.89596326635
2.179880616776591e10 143012.88281815482
2.2333090632662132e10 144872.39176293634
2.2867375097558357e10 146794.75947247102
2.3401659562454582e10 146937.46760871058
2.3935944027350807e10 148749.40299599458
2.447022849224703e10 148030.77778371665
2.500451295714325e10 147292.48198964712
2.553879742203947e10 143892.17691548239
2.6073081886935696e10 137541.03399274795
2.660736635183192e10 134250.27181480417
2.7141650816728146e10 133356.18492446252
2.7675935281624367e10 129861.47885685512
2.821021974652059e10 123373.93917311249
2.8744504211416817e10 119992.5504105107
2.9278788676313034e10 112934.69789901368
2.981307314120926e10 106739.4381071206
3.034735760610548e10 102794.3465498121
3.0881642071001705e10 97321.40171478783
3.141592653589793e10 90875.03912671495
