5.235987755982988e9 60789.80355008883
5.770272220879211e9 79640.74889240204
6.3045566857754345e9 73718.49044632594
6.8388411506716585e9 42326.9503100888
7.373125615567881e9 61232.894561414505
7.907410080464106e9 39360.68532069125
8.441694545360328e9 44936.16407041754
8.975979010256552e9 46399.38922088413
9.510263475152775e9 43945.284914312644
1.0044547940049e10 49718.60836998088
1.057883240494522e10 42496.7027549638
1.1113116869841446e10 48664.24969318715
1.1647401334737667e10 49837.16610401904
1.2181685799633892e10 50063.645599976946
1.2715970264530115e10 59932.25068294342
1.3250254729426338e10 61217.99808339479
1.3784539194322561e10 60668.3782346669
1.4318823659218784e10 65389.66477083867
1.485310812411501e10 70133.54206516963
1.538739258901123e10 74753.56871556568
1.5921677053907455e10 76722.25922697788
1.6455961518803677e10 84060.44690987494
1.6990245983699902e10 92938.43310996189
1.7524530448596123e10 97973.01557510076
1.8058814913492348e10 100765.61181871373
1.8593099378388573e10 104725.83380842108
1.9127383843284798e10 112730.58540640605
1.9661668308181015e10 120635.0036149165
2.019595277307724e10 117923.78281470426
2.073023723797346e10 120245.71776293615
2.1264521702869686e10 122491.78561307826
2.179880616776591e10 121479.07680635326
2.2333090632662132e10 121355.1670226137
2.2867375097558357e10 121302.01978285986
2.3401659562454582e10 121617.3956848587
2.3935944027350807e10 120538.67170926424
2.447022849224703e10 118915.24315316007
2.500451295714325e10 119635.47955433482
2.553879742203947e10 115531.62648934238
2.6073081886935696e10 109838.06174076637
2.660736635183192e10 109022.51001930455
2.7141650816728146e10 106832.23356951975
2.7675935281624367e10 104363.01174024909
2.821021974652059e10 100857.98954824956
2.8744504211416817e10 96335.9679377362
2.9278788676313034e10 91001.33745530414
2.981307314120926e10 90921.33002381766
3.034735760610548e10 87594.7553505679
3.0881642071001705e10 83996.58294053754
3.141592653589793e10 79979.19961190212
