5.235987755982988e9 55924.62048528369
5.770272220879211e9 84119.44287415086
6.3045566857754345e9 74997.42718401318
6.8388411506716585e9 36155.269864327725
7.373125615567881e9 59401.153933740265
7.907410080464106e9 35409.603528345004
8.441694545360328e9 43418.16739212285
8.975979010256552e9 42225.94860660286
9.510263475152775e9 35364.90611571501
1.0044547940049e10 44517.225281254396
1.057883240494522e10 37477.78129940532
1.1113116869841446e10 41005.106925399974
1.1647401334737667e10 44743.92147304554
1.2181685799633892e10 46423.555233251915
1.2715970264530115e10 53065.33085807732
1.3250254729426338e10 51717.12298075328
1.3784539194322561e10 53751.78258749558
1.4318823659218784e10 58702.29000082245
1.485310812411501e10 66310.3861622624
1.538739258901123e10 72929.69306562975
1.5921677053907455e10 75356.13884422797
1.6455961518803677e10 83898.15683938192
1.6990245983699902e10 96957.46159164103
1.7524530448596123e10 106155.96368774814
1.8058814913492348e10 113068.3442795238
1.8593099378388573e10 110555.53492432268
1.9127383843284798e10 118465.5987914162
1.9661668308181015e10 134921.87609210043
2.019595277307724e10 132209.25274281102
2.073023723797346e10 132670.502894274
2.1264521702869686e10 136430.09936327525
2.179880616776591e10 137766.69165092
2.2333090632662132e10 139855.34970676873
2.2867375097558357e10 141697.91895554413
2.3401659562454582e10 141626.92382146828
2.3935944027350807e10 143686.53109911064
2.447022849224703e10 143244.07160538493
2.500451295714325e10 142856.005914346
2.553879742203947e10 139407.98500133946
2.6073081886935696e10 133581.80504427064
2.660736635183192e10 131151.51812797278
2.7141650816728146e10 130034.42293095819
2.7675935281624367e10 126324.25038778274
2.821021974652059e10 120330.29246440057
2.8744504211416817e10 117035.26695787608
2.9278788676313034e10 110432.40365270013
2.981307314120926e10 103874.26587333994
3.034735760610548e10 100122.47364204821
3.0881642071001705e10 94633.88525366594
3.141592653589793e10 88914.95809969153
