5.235987755982988e9 76697.48833881963
5.770272220879211e9 92973.30676487168
6.3045566857754345e9 96255.95542947228
6.8388411506716585e9 66034.65739145191
7.373125615567881e9 94512.42666046444
7.907410080464106e9 70416.67561648399
8.441694545360328e9 69765.2917959259
8.975979010256552e9 73905.25689069601
9.510263475152775e9 67461.57293646173
1.0044547940049e10 70218.58085605981
1.057883240494522e10 68954.19127177316
1.1113116869841446e10 74712.88973393853
1.1647401334737667e10 75006.00490405937
1.2181685799633892e10 76020.7483526995
1.2715970264530115e10 82246.85574407777
1.3250254729426338e10 81861.53770062386
1.3784539194322561e10 79278.64897137001
1.4318823659218784e10 78666.52795451519
1.485310812411501e10 83659.67919739099
1.538739258901123e10 92647.62555879752
1.5921677053907455e10 94458.87249268852
1.6455961518803677e10 99655.17467177268
1.6990245983699902e10 109594.38486147395
1.7524530448596123e10 112267.4176864283
1.8058814913492348e10 114408.24681659142
1.8593099378388573e10 114044.0296193908
1.9127383843284798e10 119506.66528884727
1.9661668308181015e10 124964.26911848994
2.019595277307724e10 116385.88278156656
2.073023723797346e10 115904.44952018859
2.1264521702869686e10 123450.39887076868
2.179880616776591e10 128093.17127678938
2.2333090632662132e10 124532.4791578559
2.2867375097558357e10 124694.29828894029
2.3401659562454582e10 122787.57648537825
2.3935944027350807e10 121991.18065449606
2.447022849224703e10 122541.8655467497
2.500451295714325e10 118206.48673241805
2.553879742203947e10 113269.54366355995
2.6073081886935696e10 111219.40421999861
2.660736635183192e10 112192.80523971858
2.7141650816728146e10 111336.15374581768
2.7675935281624367e10 109195.48346238688
2.821021974652059e10 104999.32823657889
2.8744504211416817e10 100658.51777763634
2.9278788676313034e10 97103.81566167552
2.981307314120926e10 91870.85591385637
3.034735760610548e10 88855.46219845164
3.0881642071001705e10 86962.9523071387
3.141592653589793e10 85093.07364577326
