5.235987755982988e9 64874.704608896805
5.770272220879211e9 84339.30252887316
6.3045566857754345e9 82498.07670789593
6.8388411506716585e9 51586.81979108118
7.373125615567881e9 78607.24913335309
7.907410080464106e9 56167.51118548566
8.441694545360328e9 58046.12512080343
8.975979010256552e9 58708.600877566736
9.510263475152775e9 52926.51717083987
1.0044547940049e10 58833.69573686976
1.057883240494522e10 56072.75279955355
1.1113116869841446e10 61103.74901703916
1.1647401334737667e10 61402.430756428905
1.2181685799633892e10 60551.11942876803
1.2715970264530115e10 67430.85162295427
1.3250254729426338e10 68604.9791555516
1.3784539194322561e10 67196.26495117029
1.4318823659218784e10 69117.42370547995
1.485310812411501e10 75528.00514131442
1.538739258901123e10 83032.91402381648
1.5921677053907455e10 86012.79900146532
1.6455961518803677e10 93630.89700318598
1.6990245983699902e10 104653.3778036878
1.7524530448596123e10 108515.60263670678
1.8058814913492348e10 113042.12348804134
1.8593099378388573e10 111060.01637798904
1.9127383843284798e10 117471.24084809948
1.9661668308181015e10 127086.95823972905
2.019595277307724e10 121099.74056238342
2.073023723797346e10 121638.17459587524
2.1264521702869686e10 125873.69961651885
2.179880616776591e10 127790.6697578889
2.2333090632662132e10 126427.62280933246
2.2867375097558357e10 128196.73151483174
2.3401659562454582e10 128014.63826492894
2.3935944027350807e10 128026.05920227763
2.447022849224703e10 127965.46851081461
2.500451295714325e10 123523.87865189498
2.553879742203947e10 119239.9125598874
2.6073081886935696e10 115805.93134648225
2.660736635183192e10 115272.7864165712
2.7141650816728146e10 113963.16493657682
2.7675935281624367e10 111670.75320813838
2.821021974652059e10 109249.48972573462
2.8744504211416817e10 105395.61259050126
2.9278788676313034e10 99465.37027851457
2.981307314120926e10 94947.40967956545
3.034735760610548e10 91147.75993681126
3.0881642071001705e10 87278.3541824496
3.141592653589793e10 83983.73731350382
