5.235987755982988e9 55634.41381405168
5.770272220879211e9 85199.3181117592
6.3045566857754345e9 76703.02688705645
6.8388411506716585e9 37365.67123066307
7.373125615567881e9 60990.91543533893
7.907410080464106e9 39964.20102230722
8.441694545360328e9 47542.23002610987
8.975979010256552e9 43842.32654075077
9.510263475152775e9 37553.02456885341
1.0044547940049e10 46436.414369409555
1.057883240494522e10 40607.06990432624
1.1113116869841446e10 44490.74938864003
1.1647401334737667e10 47292.311415412674
1.2181685799633892e10 48892.469508988535
1.2715970264530115e10 55652.7672515357
1.3250254729426338e10 55600.502170751126
1.3784539194322561e10 57134.1726663266
1.4318823659218784e10 61474.883856406734
1.485310812411501e10 69615.53181778031
1.538739258901123e10 76670.53717690808
1.5921677053907455e10 79025.67130745667
1.6455961518803677e10 86297.42529249963
1.6990245983699902e10 99632.61351407143
1.7524530448596123e10 108238.97218076447
1.8058814913492348e10 111817.30548254299
1.8593099378388573e10 110468.70536350714
1.9127383843284798e10 120371.42821111114
1.9661668308181015e10 135189.98695764312
2.019595277307724e10 133660.38874274906
2.073023723797346e10 134653.37668037968
2.1264521702869686e10 138017.47871934588
2.179880616776591e10 137905.25263124748
2.2333090632662132e10 138388.06297551622
2.2867375097558357e10 139451.09729180398
2.3401659562454582e10 139004.6388751539
2.3935944027350807e10 140065.76373505485
2.447022849224703e10 139163.88186317193
2.500451295714325e10 137879.80786974484
2.553879742203947e10 134212.71244128616
2.6073081886935696e10 128956.24189646779
2.660736635183192e10 127555.10758120907
2.7141650816728146e10 127632.01336833517
2.7675935281624367e10 123892.23428793593
2.821021974652059e10 116941.08969285586
2.8744504211416817e10 114017.23412453235
2.9278788676313034e10 107437.55330270079
2.981307314120926e10 102101.32639466872
3.034735760610548e10 98648.58211446773
3.0881642071001705e10 93126.80173484652
3.141592653589793e10 88393.34469290385
