5.235987755982988e9 55635.07693366595
5.770272220879211e9 83881.0352016697
6.3045566857754345e9 74876.11320033479
6.8388411506716585e9 36632.496903521846
7.373125615567881e9 61251.53381210726
7.907410080464106e9 36985.597293958344
8.441694545360328e9 44449.36184771976
8.975979010256552e9 41938.09188698024
9.510263475152775e9 35341.85463654219
1.0044547940049e10 44084.78369250021
1.057883240494522e10 38258.406782927734
1.1113116869841446e10 42431.32964625355
1.1647401334737667e10 45113.47997395956
1.2181685799633892e10 46493.8270997185
1.2715970264530115e10 53310.5575831016
1.3250254729426338e10 52597.84597199853
1.3784539194322561e10 54434.909218306915
1.4318823659218784e10 59470.932500400944
1.485310812411501e10 67557.60795691208
1.538739258901123e10 74165.9046522434
1.5921677053907455e10 77276.80711621142
1.6455961518803677e10 85520.65120719197
1.6990245983699902e10 98216.58381136684
1.7524530448596123e10 107434.55634467117
1.8058814913492348e10 112802.17018998337
1.8593099378388573e10 111141.50494435735
1.9127383843284798e10 120373.24123232948
1.9661668308181015e10 137024.91810639726
2.019595277307724e10 133490.14284507887
2.073023723797346e10 135307.0684982937
2.1264521702869686e10 138724.87334294792
2.179880616776591e10 139312.7151735588
2.2333090632662132e10 140848.18849439902
2.2867375097558357e10 142409.82185628766
2.3401659562454582e10 142238.9559313113
2.3935944027350807e10 144829.26508487447
2.447022849224703e10 143680.41933373126
2.500451295714325e10 142694.6436987053
2.553879742203947e10 140151.7265754563
2.6073081886935696e10 134245.0995840346
2.660736635183192e10 131035.91254345844
2.7141650816728146e10 130231.11062096081
2.7675935281624367e10 125796.6186604996
2.821021974652059e10 119798.5091435055
2.8744504211416817e10 117568.29928252232
2.9278788676313034e10 110316.11372187259
2.981307314120926e10 103791.06645004846
3.034735760610548e10 100011.51656389331
3.0881642071001705e10 95347.4551193604
3.141592653589793e10 89377.83083388417
