5.235987755982988e9 56522.656770930895
5.770272220879211e9 76748.4452667055
6.3045566857754345e9 68202.5970206488
6.8388411506716585e9 34915.55363631734
7.373125615567881e9 56105.2903930506
7.907410080464106e9 34013.76631571609
8.441694545360328e9 39755.59090639555
8.975979010256552e9 39045.130249960624
9.510263475152775e9 33824.26008400533
1.0044547940049e10 41453.578948898576
1.057883240494522e10 34994.284349515336
1.1113116869841446e10 38851.91574725422
1.1647401334737667e10 41325.386052605165
1.2181685799633892e10 42036.04710895429
1.2715970264530115e10 49414.50162903705
1.3250254729426338e10 50118.09741606166
1.3784539194322561e10 52288.89971950377
1.4318823659218784e10 57122.68704050838
1.485310812411501e10 64092.50854335263
1.538739258901123e10 70974.43552237809
1.5921677053907455e10 71612.22336412467
1.6455961518803677e10 78692.33887225276
1.6990245983699902e10 91073.63563158685
1.7524530448596123e10 99892.58028914385
1.8058814913492348e10 105107.7296985665
1.8593099378388573e10 103495.19384070352
1.9127383843284798e10 111216.88770019865
1.9661668308181015e10 124220.36969643028
2.019595277307724e10 122852.88186199972
2.073023723797346e10 124642.82244329057
2.1264521702869686e10 127234.69576233471
2.179880616776591e10 127707.7969496843
2.2333090632662132e10 129725.4825466869
2.2867375097558357e10 130964.21467316487
2.3401659562454582e10 131008.08547841673
2.3935944027350807e10 133398.40911864827
2.447022849224703e10 132737.51414329244
2.500451295714325e10 130493.05653373696
2.553879742203947e10 127052.08818517685
2.6073081886935696e10 121318.04549775002
2.660736635183192e10 119149.38451747535
2.7141650816728146e10 119445.57094348322
2.7675935281624367e10 116945.6719877039
2.821021974652059e10 111645.48963054303
2.8744504211416817e10 107670.68862413411
2.9278788676313034e10 101563.27773885994
2.981307314120926e10 97298.80221270237
3.034735760610548e10 94079.33953719195
3.0881642071001705e10 89212.32277100525
3.141592653589793e10 84721.7899758348
