5.235987755982988e9 31328.389672018664
5.770272220879211e9 21825.39580523385
6.3045566857754345e9 7600.374828314633
6.8388411506716585e9 6595.547094308495
7.373125615567881e9 10889.069097330317
7.907410080464106e9 9510.172699446985
8.441694545360328e9 5753.272902594804
8.975979010256552e9 5753.77428258261
9.510263475152775e9 7574.999778399427
1.0044547940049e10 7550.446398845069
1.057883240494522e10 6646.070482936929
1.1113116869841446e10 6783.114551800449
1.1647401334737667e10 7482.342002730801
1.2181685799633892e10 7596.74162654777
1.2715970264530115e10 7657.792712398844
1.3250254729426338e10 8585.98736606164
1.3784539194322561e10 9778.364497112058
1.4318823659218784e10 10479.252380421607
1.485310812411501e10 11150.14945675741
1.538739258901123e10 12517.61161280365
1.5921677053907455e10 14351.81438761603
1.6455961518803677e10 15886.141474449043
1.6990245983699902e10 16592.765565664882
1.7524530448596123e10 17311.65576019551
1.8058814913492348e10 18970.929402493603
1.8593099378388573e10 21200.543549344573
1.9127383843284798e10 22856.182439195443
1.9661668308181015e10 23682.016576406502
2.019595277307724e10 23933.33580826408
2.073023723797346e10 24215.31791910604
2.1264521702869686e10 24932.12579773331
2.179880616776591e10 25496.971764865404
2.2333090632662132e10 25708.502215425466
2.2867375097558357e10 26114.1966994458
2.3401659562454582e10 26281.02416840185
2.3935944027350807e10 25793.03907305288
2.447022849224703e10 25055.476768813518
2.500451295714325e10 24638.324740669006
2.553879742203947e10 24749.636375032576
2.6073081886935696e10 25305.542814292705
2.660736635183192e10 25320.20361714085
2.7141650816728146e10 24299.515363791495
2.7675935281624367e10 22937.569829003285
2.821021974652059e10 21980.540534248277
2.8744504211416817e10 21180.235635623503
2.9278788676313034e10 20009.28164872876
2.981307314120926e10 18514.04736974311
3.034735760610548e10 17259.52074204975
3.0881642071001705e10 16510.407783838276
3.141592653589793e10 15970.8544124984
