5.235987755982988e9 37504.2797802
5.770272220879211e9 27294.349857531182
6.3045566857754345e9 13699.277494242897
6.8388411506716585e9 12994.581694528779
7.373125615567881e9 16257.609341807814
7.907410080464106e9 14687.869002802909
8.441694545360328e9 12744.413875788243
8.975979010256552e9 14059.462146190706
9.510263475152775e9 15430.619222761288
1.0044547940049e10 14804.566939337776
1.057883240494522e10 14334.363764268697
1.1113116869841446e10 15313.07955785913
1.1647401334737667e10 16506.9172341249
1.2181685799633892e10 17074.498535487954
1.2715970264530115e10 17399.287693823564
1.3250254729426338e10 17826.633784791244
1.3784539194322561e10 18200.521079230293
1.4318823659218784e10 18357.685084686636
1.485310812411501e10 18588.20967128009
1.538739258901123e10 19284.591610744887
1.5921677053907455e10 20486.460778242432
1.6455961518803677e10 21547.90284202359
1.6990245983699902e10 22217.194365253457
1.7524530448596123e10 22886.611620185886
1.8058814913492348e10 24026.830065814676
1.8593099378388573e10 25564.993841466938
1.9127383843284798e10 26581.10251580109
1.9661668308181015e10 26805.856397393803
2.019595277307724e10 26633.123164159275
2.073023723797346e10 26600.654815917984
2.1264521702869686e10 26937.172848446087
2.179880616776591e10 27238.133248936847
2.2333090632662132e10 27250.775222935543
2.2867375097558357e10 26929.43850597059
2.3401659562454582e10 26288.017929838574
2.3935944027350807e10 25829.049589557613
2.447022849224703e10 25797.563708908314
2.500451295714325e10 25835.83404616643
2.553879742203947e10 25670.621661078447
2.6073081886935696e10 25673.898847772318
2.660736635183192e10 25450.170481413894
2.7141650816728146e10 24628.014772384282
2.7675935281624367e10 23659.994707213165
2.821021974652059e10 22907.69814917837
2.8744504211416817e10 22123.466051862375
2.9278788676313034e10 21168.97099785055
2.981307314120926e10 20206.491942078857
3.034735760610548e10 19540.916718471617
3.0881642071001705e10 19192.95649736662
3.141592653589793e10 18722.51456867395
