5.235987755982988e9 29737.82020189955
5.770272220879211e9 21162.931714698512
6.3045566857754345e9 8276.883921601851
6.8388411506716585e9 7275.554530051666
7.373125615567881e9 11294.769224633907
7.907410080464106e9 10116.88628434052
8.441694545360328e9 6461.650509815485
8.975979010256552e9 6080.528981524416
9.510263475152775e9 7628.3091889497055
1.0044547940049e10 7683.041531273814
1.057883240494522e10 6631.242428556844
1.1113116869841446e10 6734.9580053914815
1.1647401334737667e10 7847.676539188616
1.2181685799633892e10 8550.633982328942
1.2715970264530115e10 8819.1260742632
1.3250254729426338e10 9391.386224925582
1.3784539194322561e10 10011.654228627127
1.4318823659218784e10 10420.856115825745
1.485310812411501e10 11061.660073001136
1.538739258901123e10 12363.73971801925
1.5921677053907455e10 14041.438584590771
1.6455961518803677e10 15550.439517549661
1.6990245983699902e10 16383.128618484277
1.7524530448596123e10 16783.61139686644
1.8058814913492348e10 17664.64079466531
1.8593099378388573e10 19205.88870290576
1.9127383843284798e10 20870.8432637729
1.9661668308181015e10 21811.862790469222
2.019595277307724e10 22174.904093322868
2.073023723797346e10 22394.834175573713
2.1264521702869686e10 22802.53766034527
2.179880616776591e10 23142.379129529494
2.2333090632662132e10 23352.94310871115
2.2867375097558357e10 23743.30330952684
2.3401659562454582e10 23923.93925611148
2.3935944027350807e10 23946.161459075618
2.447022849224703e10 23945.89369392068
2.500451295714325e10 23760.43793761039
2.553879742203947e10 23403.476474225146
2.6073081886935696e10 23211.409331118597
2.660736635183192e10 22886.673708304494
2.7141650816728146e10 21900.63774640987
2.7675935281624367e10 20818.233583504974
2.821021974652059e10 20038.17424067612
2.8744504211416817e10 19421.18403365164
2.9278788676313034e10 18591.82813840073
2.981307314120926e10 17405.47481290303
3.034735760610548e10 16312.138234122554
3.0881642071001705e10 15677.59866168354
3.141592653589793e10 15353.443789750461
