5.235987755982988e9 44664.45356257788
5.770272220879211e9 31671.414353794895
6.3045566857754345e9 11211.244646096378
6.8388411506716585e9 8739.403947089644
7.373125615567881e9 14663.242656388124
7.907410080464106e9 13464.907069899416
8.441694545360328e9 8068.899943483028
8.975979010256552e9 7103.13009744899
9.510263475152775e9 9475.298929650868
1.0044547940049e10 10150.804873758381
1.057883240494522e10 8909.936854119878
1.1113116869841446e10 8662.216683119397
1.1647401334737667e10 9639.982403896083
1.2181685799633892e10 10370.720206808946
1.2715970264530115e10 10837.563640002487
1.3250254729426338e10 11872.783915341153
1.3784539194322561e10 13157.019759250357
1.4318823659218784e10 14177.641921963605
1.485310812411501e10 15390.292883438324
1.538739258901123e10 17223.93547029649
1.5921677053907455e10 19163.346836172383
1.6455961518803677e10 21033.775515073536
1.6990245983699902e10 22473.078451427973
1.7524530448596123e10 23517.639520261775
1.8058814913492348e10 24947.671505229308
1.8593099378388573e10 27150.314717251804
1.9127383843284798e10 29229.28631713522
1.9661668308181015e10 30686.236715478623
2.019595277307724e10 31369.9566775044
2.073023723797346e10 31849.51969451891
2.1264521702869686e10 32685.354839142583
2.179880616776591e10 33188.89986685479
2.2333090632662132e10 33326.91094021686
2.2867375097558357e10 33539.1941908341
2.3401659562454582e10 33342.641578109586
2.3935944027350807e10 32821.65982209143
2.447022849224703e10 32336.83849289732
2.500451295714325e10 31924.910964076673
2.553879742203947e10 31660.241208660325
2.6073081886935696e10 32183.785467727685
2.660736635183192e10 32258.689058293676
2.7141650816728146e10 31118.061355983187
2.7675935281624367e10 29290.182464133402
2.821021974652059e10 27765.939025391315
2.8744504211416817e10 26448.217801164683
2.9278788676313034e10 24816.051342472005
2.981307314120926e10 22976.187162364804
3.034735760610548e10 21574.966489126713
3.0881642071001705e10 20858.198771519114
3.141592653589793e10 20195.315538271596
