5.235987755982988e9 44874.6826707591
5.770272220879211e9 32541.721123476967
6.3045566857754345e9 11147.796567788622
6.8388411506716585e9 8194.833024306092
7.373125615567881e9 14633.29834483053
7.907410080464106e9 13501.99235101374
8.441694545360328e9 7700.019409923162
8.975979010256552e9 6766.263692996602
9.510263475152775e9 9436.010127690888
1.0044547940049e10 9848.614191515584
1.057883240494522e10 8226.933913679866
1.1113116869841446e10 7961.643683891572
1.1647401334737667e10 9226.81137965423
1.2181685799633892e10 10131.14332597929
1.2715970264530115e10 10625.649716888163
1.3250254729426338e10 11724.33215562512
1.3784539194322561e10 13175.104203468672
1.4318823659218784e10 14256.976153760867
1.485310812411501e10 15438.30572175803
1.538739258901123e10 17321.018338225305
1.5921677053907455e10 19656.24457469503
1.6455961518803677e10 21887.07526752431
1.6990245983699902e10 23226.004741392415
1.7524530448596123e10 23975.432776981084
1.8058814913492348e10 25674.63911366722
1.8593099378388573e10 28352.413002023273
1.9127383843284798e10 30545.821324288896
1.9661668308181015e10 31793.792246376463
2.019595277307724e10 32319.769885999496
2.073023723797346e10 32953.076003803355
2.1264521702869686e10 34003.98910975014
2.179880616776591e10 34699.80387152147
2.2333090632662132e10 34912.415879488864
2.2867375097558357e10 35151.32891348024
2.3401659562454582e10 35123.31046854394
2.3935944027350807e10 34478.629628615214
2.447022849224703e10 33660.70513260316
2.500451295714325e10 33121.268875392816
2.553879742203947e10 33198.22506384392
2.6073081886935696e10 34182.52924932158
2.660736635183192e10 34642.09351852409
2.7141650816728146e10 33399.81682041179
2.7675935281624367e10 31349.316029243706
2.821021974652059e10 29665.616051126988
2.8744504211416817e10 28122.100985916433
2.9278788676313034e10 26187.313081107823
2.981307314120926e10 24013.519992923
3.034735760610548e10 22394.025818558734
3.0881642071001705e10 21580.809517924477
3.141592653589793e10 20943.95504818824
