5.235987755982988e9 27823.251763489643
5.770272220879211e9 19142.565700798015
6.3045566857754345e9 9218.757332639412
6.8388411506716585e9 9508.030452323726
7.373125615567881e9 12333.82258885652
7.907410080464106e9 10797.122826721574
8.441694545360328e9 8316.951114917616
8.975979010256552e9 8569.291019189419
9.510263475152775e9 9595.923426386047
1.0044547940049e10 9311.459845470825
1.057883240494522e10 8697.105468664055
1.1113116869841446e10 8940.666751889454
1.1647401334737667e10 9589.124875832507
1.2181685799633892e10 10014.235830114021
1.2715970264530115e10 10422.950706632973
1.3250254729426338e10 11035.312294536532
1.3784539194322561e10 11372.248896035328
1.4318823659218784e10 11505.672961144734
1.485310812411501e10 12175.928401585636
1.538739258901123e10 13396.878884719983
1.5921677053907455e10 14413.015984190368
1.6455961518803677e10 14958.863973757196
1.6990245983699902e10 15181.201474782429
1.7524530448596123e10 15622.435957036527
1.8058814913492348e10 16492.259756352203
1.8593099378388573e10 17334.633379380728
1.9127383843284798e10 17803.465350204304
1.9661668308181015e10 18088.564578354337
2.019595277307724e10 18517.95752423937
2.073023723797346e10 19073.611926923142
2.1264521702869686e10 19536.114972435695
2.179880616776591e10 19703.8865367371
2.2333090632662132e10 19632.381575383057
2.2867375097558357e10 19500.090686790252
2.3401659562454582e10 19385.975560331757
2.3935944027350807e10 19379.362042471625
2.447022849224703e10 19472.77217484892
2.500451295714325e10 19423.733612853466
2.553879742203947e10 18993.366480295714
2.6073081886935696e10 18625.249036890255
2.660736635183192e10 18446.94918247645
2.7141650816728146e10 18066.64513086409
2.7675935281624367e10 17499.65644516029
2.821021974652059e10 16996.86954748558
2.8744504211416817e10 16534.575652275656
2.9278788676313034e10 16028.53347897074
2.981307314120926e10 15361.238753786845
3.034735760610548e10 14680.531057657905
3.0881642071001705e10 14198.370916248483
3.141592653589793e10 13950.42336740749
