5.235987755982988e9 54578.908378489854
5.770272220879211e9 78996.33481037756
6.3045566857754345e9 77944.23258231963
6.8388411506716585e9 41845.25277470861
7.373125615567881e9 60870.301896034674
7.907410080464106e9 43074.084790640685
8.441694545360328e9 49792.512778175624
8.975979010256552e9 49893.26004608938
9.510263475152775e9 44004.04395740369
1.0044547940049e10 51924.61142858795
1.057883240494522e10 46452.39906912502
1.1113116869841446e10 49316.25992826257
1.1647401334737667e10 52139.28576772158
1.2181685799633892e10 52392.194016804664
1.2715970264530115e10 58318.22259114001
1.3250254729426338e10 59277.85658422278
1.3784539194322561e10 61470.110935353936
1.4318823659218784e10 65337.27227207634
1.485310812411501e10 70167.9316533323
1.538739258901123e10 75471.6876882265
1.5921677053907455e10 79327.380911893
1.6455961518803677e10 84986.57247708041
1.6990245983699902e10 92733.21333939915
1.7524530448596123e10 99154.23510479569
1.8058814913492348e10 102548.75552391226
1.8593099378388573e10 102642.1722289437
1.9127383843284798e10 107328.64910394824
1.9661668308181015e10 116147.6915761261
2.019595277307724e10 115210.8347534254
2.073023723797346e10 115914.83578842862
2.1264521702869686e10 118206.12408401111
2.179880616776591e10 119937.44543730601
2.2333090632662132e10 119987.8533781456
2.2867375097558357e10 120830.1113065514
2.3401659562454582e10 121754.64055588232
2.3935944027350807e10 121808.60232951939
2.447022849224703e10 121178.01814540308
2.500451295714325e10 119192.27127142235
2.553879742203947e10 116249.54359597419
2.6073081886935696e10 113884.50607000239
2.660736635183192e10 112317.49515141147
2.7141650816728146e10 110710.32434751805
2.7675935281624367e10 108121.58900164769
2.821021974652059e10 102843.58039443044
2.8744504211416817e10 99865.52325320999
2.9278788676313034e10 94854.69079425717
2.981307314120926e10 90788.88019459991
3.034735760610548e10 87843.75427955443
3.0881642071001705e10 84426.95457568305
3.141592653589793e10 80043.72166073961
