5.235987755982988e9 34400.293919605705
5.770272220879211e9 50534.243975382116
6.3045566857754345e9 44563.64739530312
6.8388411506716585e9 25018.43636214486
7.373125615567881e9 40109.51224551722
7.907410080464106e9 26947.243723714037
8.441694545360328e9 31187.27782135628
8.975979010256552e9 30725.39046172544
9.510263475152775e9 25922.764762403276
1.0044547940049e10 30734.50690153023
1.057883240494522e10 28322.075714128794
1.1113116869841446e10 31188.024498910545
1.1647401334737667e10 33648.91415178732
1.2181685799633892e10 34203.56928075258
1.2715970264530115e10 37518.80031562883
1.3250254729426338e10 38615.17014426532
1.3784539194322561e10 40870.7518087211
1.4318823659218784e10 43673.293783520145
1.485310812411501e10 46952.47323014595
1.538739258901123e10 50105.074804084325
1.5921677053907455e10 52029.32567498524
1.6455961518803677e10 56759.062106320984
1.6990245983699902e10 61958.388490883925
1.7524530448596123e10 65926.99286836755
1.8058814913492348e10 71135.50892850796
1.8593099378388573e10 71681.06468765833
1.9127383843284798e10 75191.04667566321
1.9661668308181015e10 83078.2664238079
2.019595277307724e10 83231.61153964495
2.073023723797346e10 83945.1192731159
2.1264521702869686e10 85606.01749682717
2.179880616776591e10 86177.24601882308
2.2333090632662132e10 87410.63986864078
2.2867375097558357e10 87844.73495367887
2.3401659562454582e10 88146.9633101587
2.3935944027350807e10 88341.04302764876
2.447022849224703e10 87184.58222132135
2.500451295714325e10 86204.06680784738
2.553879742203947e10 85057.7317526721
2.6073081886935696e10 81197.3965322119
2.660736635183192e10 80938.28698215494
2.7141650816728146e10 79886.92780382953
2.7675935281624367e10 77772.55456074692
2.821021974652059e10 75931.93986337194
2.8744504211416817e10 73673.29090943767
2.9278788676313034e10 70048.77403916733
2.981307314120926e10 67352.35064301793
3.034735760610548e10 64870.1317298636
3.0881642071001705e10 62705.118879640344
3.141592653589793e10 60436.507538659556
