5.235987755982988e9 34518.94751867257
5.770272220879211e9 49159.024041324075
6.3045566857754345e9 43611.10956454534
6.8388411506716585e9 28446.490110389303
7.373125615567881e9 39975.94442385495
7.907410080464106e9 28990.42401388087
8.441694545360328e9 36707.51875188127
8.975979010256552e9 37603.30360281443
9.510263475152775e9 32689.9418371036
1.0044547940049e10 36440.090550096036
1.057883240494522e10 34060.2228607891
1.1113116869841446e10 34499.48232805471
1.1647401334737667e10 36076.202417671884
1.2181685799633892e10 37805.88592842202
1.2715970264530115e10 41087.46665290223
1.3250254729426338e10 40763.86794587771
1.3784539194322561e10 41761.91416973533
1.4318823659218784e10 43965.013403642704
1.485310812411501e10 46407.28506781308
1.538739258901123e10 48599.283745340894
1.5921677053907455e10 49913.5331778415
1.6455961518803677e10 52784.29828391464
1.6990245983699902e10 57375.92908838182
1.7524530448596123e10 60823.22316150417
1.8058814913492348e10 63765.29685458396
1.8593099378388573e10 65457.92474104067
1.9127383843284798e10 69216.82923705169
1.9661668308181015e10 72912.62197766293
2.019595277307724e10 71662.92868871125
2.073023723797346e10 72632.24048437462
2.1264521702869686e10 74856.88177486982
2.179880616776591e10 76117.93138681196
2.2333090632662132e10 75545.7439556847
2.2867375097558357e10 75810.45620129087
2.3401659562454582e10 77585.9157269559
2.3935944027350807e10 78371.21363835194
2.447022849224703e10 77774.77688237591
2.500451295714325e10 75712.68181824397
2.553879742203947e10 74095.15469583147
2.6073081886935696e10 72278.23570648384
2.660736635183192e10 70128.43694255153
2.7141650816728146e10 69067.32039406114
2.7675935281624367e10 68086.77325857135
2.821021974652059e10 65730.26221976541
2.8744504211416817e10 64830.46782991656
2.9278788676313034e10 63350.246755533524
2.981307314120926e10 61489.07166607615
3.034735760610548e10 59505.451935231984
3.0881642071001705e10 57512.493003499854
3.141592653589793e10 56101.11288583931
