5.235987755982988e9 47924.087079973775
5.770272220879211e9 71439.75789026961
6.3045566857754345e9 67012.2531947745
6.8388411506716585e9 31364.29852979921
7.373125615567881e9 51619.665196101414
7.907410080464106e9 31497.193819602904
8.441694545360328e9 37726.18360783086
8.975979010256552e9 37561.851568432256
9.510263475152775e9 30557.35730976391
1.0044547940049e10 37571.925343955794
1.057883240494522e10 32999.41854222335
1.1113116869841446e10 37274.66887190178
1.1647401334737667e10 40048.888263301065
1.2181685799633892e10 41191.54438822718
1.2715970264530115e10 46188.42588208085
1.3250254729426338e10 45425.27313112916
1.3784539194322561e10 47638.72404340012
1.4318823659218784e10 52731.59367425234
1.485310812411501e10 59591.2897905162
1.538739258901123e10 65247.11283464196
1.5921677053907455e10 67410.61749145696
1.6455961518803677e10 75849.22615572184
1.6990245983699902e10 85605.82478473768
1.7524530448596123e10 94299.6956630838
1.8058814913492348e10 102271.79005779582
1.8593099378388573e10 99708.54924894636
1.9127383843284798e10 106751.65842933604
1.9661668308181015e10 121245.99007371215
2.019595277307724e10 118178.97940432122
2.073023723797346e10 119731.38006585378
2.1264521702869686e10 123935.04506885569
2.179880616776591e10 124252.23719243286
2.2333090632662132e10 126050.6027486697
2.2867375097558357e10 127853.42407196897
2.3401659562454582e10 127339.70391932868
2.3935944027350807e10 130347.21168841486
2.447022849224703e10 130255.31130644647
2.500451295714325e10 128338.11525040744
2.553879742203947e10 126262.34011532013
2.6073081886935696e10 121155.00897375608
2.660736635183192e10 119200.08607520828
2.7141650816728146e10 118286.50072343997
2.7675935281624367e10 114892.62823190233
2.821021974652059e10 109589.69299692527
2.8744504211416817e10 106763.59306745372
2.9278788676313034e10 101446.74423360302
2.981307314120926e10 96029.37203082246
3.034735760610548e10 93062.55868265797
3.0881642071001705e10 88058.17923047667
3.141592653589793e10 82363.66782397755
