5.235987755982988e9 43495.87243982512
5.770272220879211e9 68027.16371407035
6.3045566857754345e9 63445.78964345612
6.8388411506716585e9 40591.91926536589
7.373125615567881e9 56879.938515080314
7.907410080464106e9 43265.36253986682
8.441694545360328e9 50299.743012947925
8.975979010256552e9 55941.30587926375
9.510263475152775e9 52231.274340182616
1.0044547940049e10 59489.246739306844
1.057883240494522e10 54907.77158050961
1.1113116869841446e10 60936.18964804873
1.1647401334737667e10 64440.34355321245
1.2181685799633892e10 64987.935943419645
1.2715970264530115e10 71160.01949822143
1.3250254729426338e10 69756.50908144283
1.3784539194322561e10 69457.39721802251
1.4318823659218784e10 71599.98435803482
1.485310812411501e10 73760.63388460572
1.538739258901123e10 75193.76908185762
1.5921677053907455e10 76823.32525961226
1.6455961518803677e10 85826.1338535703
1.6990245983699902e10 86968.69537432757
1.7524530448596123e10 84251.63828647698
1.8058814913492348e10 86902.23788611614
1.8593099378388573e10 88310.74878474623
1.9127383843284798e10 89788.32459094973
1.9661668308181015e10 93078.34990546317
2.019595277307724e10 90565.24014429333
2.073023723797346e10 88092.96225380982
2.1264521702869686e10 92218.72080596721
2.179880616776591e10 91185.07287618339
2.2333090632662132e10 88218.1639853362
2.2867375097558357e10 89843.9127416088
2.3401659562454582e10 89576.24559178214
2.3935944027350807e10 89777.1053715787
2.447022849224703e10 90732.98822195627
2.500451295714325e10 89734.57860547613
2.553879742203947e10 85492.69643252315
2.6073081886935696e10 83944.54859346447
2.660736635183192e10 83284.09294799365
2.7141650816728146e10 79850.30533768407
2.7675935281624367e10 79424.45423333536
2.821021974652059e10 77406.9236316742
2.8744504211416817e10 76076.04267212986
2.9278788676313034e10 73833.40369176042
2.981307314120926e10 72536.47461243521
3.034735760610548e10 70419.64439597708
3.0881642071001705e10 69169.41175926228
3.141592653589793e10 68237.83868729869
