5.235987755982988e9 38975.282591166746
5.770272220879211e9 61949.0793541866
6.3045566857754345e9 54677.556506912115
6.8388411506716585e9 26682.062847400728
7.373125615567881e9 43762.30931106417
7.907410080464106e9 27582.89481651473
8.441694545360328e9 34171.17702411519
8.975979010256552e9 36750.52830536225
9.510263475152775e9 31002.08177019715
1.0044547940049e10 37050.86923873609
1.057883240494522e10 33986.42765761087
1.1113116869841446e10 38708.974788509026
1.1647401334737667e10 39661.16877163146
1.2181685799633892e10 41254.367868884525
1.2715970264530115e10 47618.84894523297
1.3250254729426338e10 46434.410145677546
1.3784539194322561e10 48251.276505759466
1.4318823659218784e10 51729.21831887398
1.485310812411501e10 56443.19022786708
1.538739258901123e10 60127.170924078346
1.5921677053907455e10 65595.26247870228
1.6455961518803677e10 75531.43395980088
1.6990245983699902e10 81209.32137412413
1.7524530448596123e10 86194.46562972039
1.8058814913492348e10 94186.53731431068
1.8593099378388573e10 93197.53120714705
1.9127383843284798e10 94756.64590236904
1.9661668308181015e10 104467.26885554545
2.019595277307724e10 104149.45795735883
2.073023723797346e10 105064.67372556814
2.1264521702869686e10 108702.83413366188
2.179880616776591e10 107720.64498991682
2.2333090632662132e10 106174.29620063068
2.2867375097558357e10 106900.58998398247
2.3401659562454582e10 107363.12010708924
2.3935944027350807e10 109518.69583912237
2.447022849224703e10 108932.33278823788
2.500451295714325e10 104807.48249088843
2.553879742203947e10 103366.35216880118
2.6073081886935696e10 100026.16471900973
2.660736635183192e10 96042.14546857384
2.7141650816728146e10 96134.62792440243
2.7675935281624367e10 94554.20597944495
2.821021974652059e10 90075.62870985823
2.8744504211416817e10 88161.66483779614
2.9278788676313034e10 83708.93842940035
2.981307314120926e10 81129.80000097543
3.034735760610548e10 77669.47477004172
3.0881642071001705e10 72934.18473454437
3.141592653589793e10 70632.41137625108
