5.235987755982988e9 13600.810347933022
5.770272220879211e9 19357.15455730077
6.3045566857754345e9 18383.69627267557
6.8388411506716585e9 11424.323995303323
7.373125615567881e9 15304.584040856089
7.907410080464106e9 11792.304383469755
8.441694545360328e9 12278.589158695944
8.975979010256552e9 12363.09032851203
9.510263475152775e9 11486.123823422471
1.0044547940049e10 14112.535912161253
1.057883240494522e10 13563.119744673091
1.1113116869841446e10 13803.729676806393
1.1647401334737667e10 13970.721756251596
1.2181685799633892e10 14166.82247107168
1.2715970264530115e10 15664.82142843676
1.3250254729426338e10 15626.507288692794
1.3784539194322561e10 15914.927474915112
1.4318823659218784e10 17161.343802412404
1.485310812411501e10 18253.579215172624
1.538739258901123e10 19703.04642567865
1.5921677053907455e10 21146.269472245247
1.6455961518803677e10 21355.31127592434
1.6990245983699902e10 21944.938675577127
1.7524530448596123e10 22658.53368336572
1.8058814913492348e10 24435.606445050304
1.8593099378388573e10 28255.265980224613
1.9127383843284798e10 30263.556699834906
1.9661668308181015e10 29409.93508228531
2.019595277307724e10 29689.880891748944
2.073023723797346e10 31785.137021379935
2.1264521702869686e10 33469.307728310145
2.179880616776591e10 34111.99659328107
2.2333090632662132e10 33191.25553078266
2.2867375097558357e10 32961.22309066487
2.3401659562454582e10 33884.21966540441
2.3935944027350807e10 33860.39696356368
2.447022849224703e10 35087.823459867956
2.500451295714325e10 34693.321496452954
2.553879742203947e10 32991.74921309274
2.6073081886935696e10 33698.07504855443
2.660736635183192e10 34148.038453921625
2.7141650816728146e10 32063.096002376595
2.7675935281624367e10 30282.449130162535
2.821021974652059e10 30149.9609162304
2.8744504211416817e10 29216.801596310703
2.9278788676313034e10 29508.662069685855
2.981307314120926e10 28831.65561711465
3.034735760610548e10 27238.06623633641
3.0881642071001705e10 26831.81399293872
3.141592653589793e10 26784.97994912557
