5.235987755982988e9 10645.473794676029
5.770272220879211e9 12904.848249971945
6.3045566857754345e9 11754.541282202512
6.8388411506716585e9 8094.418049072506
7.373125615567881e9 11411.879425884832
7.907410080464106e9 8281.916012148773
8.441694545360328e9 9236.380156327767
8.975979010256552e9 9276.554525180129
9.510263475152775e9 8741.043992960753
1.0044547940049e10 10180.991871650878
1.057883240494522e10 10200.704493211166
1.1113116869841446e10 10934.477978604522
1.1647401334737667e10 10911.224774110895
1.2181685799633892e10 11445.915734372184
1.2715970264530115e10 12103.900534710796
1.3250254729426338e10 12286.915908897568
1.3784539194322561e10 12960.204422815932
1.4318823659218784e10 13001.306692001874
1.485310812411501e10 14086.410255154115
1.538739258901123e10 16317.639864169427
1.5921677053907455e10 17437.73099876776
1.6455961518803677e10 18122.261547718197
1.6990245983699902e10 18617.390490516264
1.7524530448596123e10 19660.015496451382
1.8058814913492348e10 22280.91525710867
1.8593099378388573e10 24785.282463181484
1.9127383843284798e10 24859.991471919322
1.9661668308181015e10 23316.68825142181
2.019595277307724e10 22670.099114953286
2.073023723797346e10 26407.625546283864
2.1264521702869686e10 31098.339908622307
2.179880616776591e10 31079.82789751892
2.2333090632662132e10 27013.46919467134
2.2867375097558357e10 25456.987622796863
2.3401659562454582e10 27159.824444210626
2.3935944027350807e10 28589.924470621423
2.447022849224703e10 27743.78979877413
2.500451295714325e10 26078.88001685418
2.553879742203947e10 25458.54208581006
2.6073081886935696e10 26419.846152731225
2.660736635183192e10 27474.62056280862
2.7141650816728146e10 26707.364115335564
2.7675935281624367e10 24668.656022386735
2.821021974652059e10 23861.66418605742
2.8744504211416817e10 23477.24317064298
2.9278788676313034e10 23025.8447429565
2.981307314120926e10 23159.774442812373
3.034735760610548e10 22921.293657645605
3.0881642071001705e10 22510.351517603096
3.141592653589793e10 21865.514293512733
