-30.0 0.0 0.0 0.0
-25.0 0.0 0.0 0.0
-20.0 0.0 0.0 0.0
-14.999999999999998 2.98585091935313e26 712.4348075024911 0.0012265979749062036
-10.0 5.47084942642767e27 161.8954485580668 0.012516921746899501
-4.9999999999999964 2.962734654171041e28 119.03444812208201 0.07292999398258931
3.552713678800501e-15 8.482706144110649e28 115.01085396525656 0.27545893168689345
4.9999999999999964 1.2361422806121957e29 119.96215911443636 0.5478584791571189
10.0 1.4236729819018907e29 126.71641938380772 0.976717923290185
15.0 1.5604442175625825e29 122.16823653802552 1.4910157415060137
20.000000000000004 1.6765071323309866e29 114.11037769305288 1.9783229983672097
25.0 1.768683239744565e29 107.352589140173 2.477213566693079
30.000000000000004 1.846796952505707e29 101.73485974426927 3.0880241537969235
34.99999999999999 1.9090182329541623e29 97.66903635371713 3.7115847495576855
39.99999999999999 1.9694094757423693e29 93.81601583210312 4.224277704697791
45.0 2.021228436858885e29 90.61469512814419 4.7715201299423695
49.99999999999999 2.0630303497298287e29 88.18617874464292 5.237516210798569
55.0 2.0987642429904743e29 86.11011262436926 5.720685262782018
60.00000000000001 2.1332460052204233e29 84.06037952124618 6.200130911669658
65.0 2.159348121321865e29 82.54780000088219 6.651135717438925
70.0 2.1838128353062423e29 81.18722487914158 7.091561892725572
75.0 2.2073143715746994e29 79.95641832401073 7.604269119376458
80.0 2.2289858701829073e29 78.71399522983896 8.071892977048345
85.00000000000001 2.2455525268967378e29 77.75922259557599 8.380310873112265
90.0 2.2603854637219112e29 76.93996067411301 8.542692386778151
95.00000000000001 2.2743515406027566e29 76.28559694620974 8.98719644043938
99.99999999999999 2.2838869999903684e29 75.67860361455054 9.14626994249725
105.0 2.2945782726370844e29 75.10013023022437 9.437106937591102
109.99999999999999 2.3061364052281286e29 74.60876228682218 9.625461442033982
115.0 2.314805004671412e29 74.14129075389839 9.691088695843852
120.0 2.3213546131396705e29 73.69942307602746 9.958503793297892
125.0 2.3301195303545458e29 73.30475395125494 10.016831680296855
130.0 2.3370544099091725e29 72.88770755079058 10.303982469144366
135.0 2.343989289463799e29 72.47830078538603 10.681304020805928
140.0 2.3498646735309132e29 71.97650656455556 10.9444680620855
