-30.0 0.0 0.0 0.0
-25.0 0.0 0.0 0.0
-20.0 0.0 0.0 0.0
-14.999999999999998 0.0 0.0 0.0
-10.0 1.8300376602486924e26 221.89434394609847 0.0003193649951749342
-4.9999999999999964 2.2442040780944493e27 71.21831085531055 0.0033070419766744697
3.552713678800501e-15 9.265769627153906e27 111.46409480746352 0.02215410242063457
4.9999999999999964 3.0783159800814847e28 55.43992143821436 0.07871794673890771
10.0 6.007339414195313e28 35.29569831837753 0.18772575118114196
15.0 8.684010286738006e28 24.826960983226357 0.3126880124236623
20.000000000000004 1.0199088833880739e29 20.75990899802754 0.4306876049796102
25.0 1.0853086502990667e29 19.121745342701256 0.552821881527485
30.000000000000004 1.1268216098552344e29 18.113876845300126 0.6953143413622289
34.99999999999999 1.1594733344249348e29 17.359816651000855 0.8530031923183857
39.99999999999999 1.1877907592729935e29 16.801424657047804 0.9874302283563335
45.0 1.2123517910289628e29 16.29375463568914 1.127861873230451
49.99999999999999 1.231230074261002e29 15.888324490529834 1.2567869065540231
55.0 1.2454851044566233e29 15.730902883138336 1.415686016572033
60.00000000000001 1.2571395548192597e29 15.532416614925703 1.5633192722886224
65.0 1.2680234630091598e29 15.445326831882976 1.6848444294572005
70.0 1.2736098937614979e29 15.373684319878894 1.7979903507917327
75.0 1.2804484555445325e29 15.215017282894125 1.9282217243908195
80.0 1.2868054284696069e29 15.121043499892593 2.1024859568163903
85.00000000000001 1.292102905907169e29 14.930756007790624 2.2325131472286386
90.0 1.295088756826522e29 14.900402990151667 2.3688061674614476
95.00000000000001 1.2996156920913478e29 14.787406293040956 2.5082060138141924
99.99999999999999 1.3043352628993575e29 14.735477717441562 2.615249624680155
105.0 1.3063579361027903e29 14.611862922985893 2.694875696151057
109.99999999999999 1.3090548337073674e29 14.637433001208509 2.790980995425039
115.0 1.3115590957687604e29 14.483420250403597 2.9110493520072
120.0 1.3141596756017453e29 14.447279340492607 3.0255155913743534
125.0 1.3158933954904019e29 14.42250363036514 3.1329133842460406
130.0 1.3170492087495063e29 14.301545154812251 3.233242583065811
135.0 1.3189755641813471e29 14.213668729680892 3.3364187108435766
140.0 1.3195534708108993e29 14.237041074115199 3.4612170417413304
