5.235987755982988e9 18480.762695450958
5.770272220879211e9 28763.246102134883
6.3045566857754345e9 25435.006076578662
6.8388411506716585e9 16449.800043318668
7.373125615567881e9 24914.636256129685
7.907410080464106e9 17204.321593269317
8.441694545360328e9 19854.43081760939
8.975979010256552e9 20049.01286602389
9.510263475152775e9 18545.32972300958
1.0044547940049e10 21547.63253420151
1.057883240494522e10 20588.97788167283
1.1113116869841446e10 21800.679689981716
1.1647401334737667e10 21734.15985314726
1.2181685799633892e10 21601.13240894223
1.2715970264530115e10 25057.906911523314
1.3250254729426338e10 23481.89035874679
1.3784539194322561e10 23004.287084663283
1.4318823659218784e10 25821.128558424014
1.485310812411501e10 27047.283367006945
1.538739258901123e10 29610.90460121508
1.5921677053907455e10 30435.597853316256
1.6455961518803677e10 29964.267754860055
1.6990245983699902e10 29937.41349022365
1.7524530448596123e10 33008.22450167228
1.8058814913492348e10 34823.07812644503
1.8593099378388573e10 36581.64043921613
1.9127383843284798e10 39875.89349972594
1.9661668308181015e10 41068.62354745262
2.019595277307724e10 41414.15000650277
2.073023723797346e10 43565.995078595886
2.1264521702869686e10 45690.46576126219
2.179880616776591e10 47433.44593659381
2.2333090632662132e10 48931.27925417866
2.2867375097558357e10 46694.92399981887
2.3401659562454582e10 45764.19516235373
2.3935944027350807e10 45316.51482368538
2.447022849224703e10 44782.30086532995
2.500451295714325e10 45955.763610014124
2.553879742203947e10 46642.184556193
2.6073081886935696e10 46068.51213027707
2.660736635183192e10 45423.362670468574
2.7141650816728146e10 43217.81812760927
2.7675935281624367e10 40735.0660776585
2.821021974652059e10 40519.48564076372
2.8744504211416817e10 40892.12189056107
2.9278788676313034e10 40072.745809420914
2.981307314120926e10 38726.418998921275
3.034735760610548e10 37100.683411955986
3.0881642071001705e10 36121.52253879105
3.141592653589793e10 36100.75322584217
