5.235987755982988e9 29711.41831410328
5.770272220879211e9 41398.32970181249
6.3045566857754345e9 37676.83859951037
6.8388411506716585e9 18486.080014986157
7.373125615567881e9 30172.26392706786
7.907410080464106e9 19696.444446557423
8.441694545360328e9 22717.79084495289
8.975979010256552e9 22647.148045945694
9.510263475152775e9 19734.17062063034
1.0044547940049e10 22474.487730172008
1.057883240494522e10 19074.542733253526
1.1113116869841446e10 22603.97662101248
1.1647401334737667e10 25237.2961805975
1.2181685799633892e10 25894.100740467962
1.2715970264530115e10 30293.186114204713
1.3250254729426338e10 29887.928194227203
1.3784539194322561e10 30807.880559434325
1.4318823659218784e10 34429.79073416742
1.485310812411501e10 38269.75359846163
1.538739258901123e10 43010.90194359574
1.5921677053907455e10 44900.333390862645
1.6455961518803677e10 47675.55699008867
1.6990245983699902e10 53726.99831955701
1.7524530448596123e10 60855.50303317658
1.8058814913492348e10 65174.01340478532
1.8593099378388573e10 64908.090327634425
1.9127383843284798e10 68669.53927098913
1.9661668308181015e10 76191.23808169142
2.019595277307724e10 75994.95787527825
2.073023723797346e10 77088.83459524608
2.1264521702869686e10 80537.53013937217
2.179880616776591e10 81934.8134250507
2.2333090632662132e10 82699.56588985109
2.2867375097558357e10 83628.56292224133
2.3401659562454582e10 83971.62254707182
2.3935944027350807e10 84855.70822688034
2.447022849224703e10 82475.32321127922
2.500451295714325e10 81160.25914341462
2.553879742203947e10 81101.46394908664
2.6073081886935696e10 78351.90470251888
2.660736635183192e10 76465.05612457337
2.7141650816728146e10 75867.79033777941
2.7675935281624367e10 74176.1274738733
2.821021974652059e10 70560.63735522564
2.8744504211416817e10 68655.17101030955
2.9278788676313034e10 65489.55587838074
2.981307314120926e10 63037.13462792517
3.034735760610548e10 61380.17099887136
3.0881642071001705e10 58504.741149678914
3.141592653589793e10 55259.60794159575
