5.235987755982988e9 8940.103680541119
5.770272220879211e9 11424.294360675787
6.3045566857754345e9 9556.544217669181
6.8388411506716585e9 7104.237421662428
7.373125615567881e9 9816.742453838528
7.907410080464106e9 7484.302054117925
8.441694545360328e9 8198.09795789641
8.975979010256552e9 7885.21444856062
9.510263475152775e9 7147.498960986654
1.0044547940049e10 8106.698766878723
1.057883240494522e10 8690.998835365172
1.1113116869841446e10 9590.159415579577
1.1647401334737667e10 9803.657284457695
1.2181685799633892e10 9790.781956575922
1.2715970264530115e10 10405.886271089203
1.3250254729426338e10 10912.826220593392
1.3784539194322561e10 11598.651302293476
1.4318823659218784e10 11959.184885578343
1.485310812411501e10 12715.474067157973
1.538739258901123e10 14031.6340040612
1.5921677053907455e10 14914.945099265318
1.6455961518803677e10 15625.317698536292
1.6990245983699902e10 15502.993103521774
1.7524530448596123e10 16161.383423771807
1.8058814913492348e10 19142.41270727192
1.8593099378388573e10 22555.310074502017
1.9127383843284798e10 23815.781886183908
1.9661668308181015e10 20828.765459117825
2.019595277307724e10 20502.61215977776
2.073023723797346e10 24665.908076286487
2.1264521702869686e10 29365.68985107692
2.179880616776591e10 28410.54092741456
2.2333090632662132e10 23129.859539257905
2.2867375097558357e10 21797.138616983004
2.3401659562454582e10 23652.41327814503
2.3935944027350807e10 24725.28576454894
2.447022849224703e10 23579.157376086634
2.500451295714325e10 21983.108185068606
2.553879742203947e10 21592.755264771786
2.6073081886935696e10 23087.63525383325
2.660736635183192e10 23989.20338534039
2.7141650816728146e10 22924.004956480858
2.7675935281624367e10 20965.60669219391
2.821021974652059e10 20811.32814770392
2.8744504211416817e10 21308.579968674807
2.9278788676313034e10 20846.440005583365
2.981307314120926e10 20432.376800884766
3.034735760610548e10 20546.606853133908
3.0881642071001705e10 20012.741264914992
3.141592653589793e10 19836.792586830583
