5.235987755982988e9 7581.450075205513
5.770272220879211e9 10145.693600173272
6.3045566857754345e9 9394.21828604456
6.8388411506716585e9 6480.350424141329
7.373125615567881e9 9110.564831433414
7.907410080464106e9 7256.115696689173
8.441694545360328e9 6708.005122584579
8.975979010256552e9 6913.127604246904
9.510263475152775e9 7049.892085203703
1.0044547940049e10 7322.425536491359
1.057883240494522e10 6582.5141349520145
1.1113116869841446e10 8183.347330305579
1.1647401334737667e10 8415.623343999807
1.2181685799633892e10 8585.497550149465
1.2715970264530115e10 9773.313795340924
1.3250254729426338e10 9608.173946955529
1.3784539194322561e10 9712.327106893874
1.4318823659218784e10 10092.734845120847
1.485310812411501e10 10782.127761439386
1.538739258901123e10 11825.27470810228
1.5921677053907455e10 12297.977644842216
1.6455961518803677e10 12948.521269005578
1.6990245983699902e10 13370.552078598485
1.7524530448596123e10 13216.537733516572
1.8058814913492348e10 15140.890573127355
1.8593099378388573e10 18271.323194771285
1.9127383843284798e10 19357.437141879724
1.9661668308181015e10 17913.165646662328
2.019595277307724e10 16898.62992793612
2.073023723797346e10 21690.777179672135
2.1264521702869686e10 29046.65831762308
2.179880616776591e10 27461.06097270699
2.2333090632662132e10 20371.94906997852
2.2867375097558357e10 19247.557056160076
2.3401659562454582e10 21010.238080620355
2.3935944027350807e10 21736.313427714613
2.447022849224703e10 21299.60699066809
2.500451295714325e10 19853.21162202598
2.553879742203947e10 19100.135587713743
2.6073081886935696e10 19162.382187185765
2.660736635183192e10 19288.322723263394
2.7141650816728146e10 19221.28042789748
2.7675935281624367e10 18651.62133065114
2.821021974652059e10 18484.625218469664
2.8744504211416817e10 18682.535906441753
2.9278788676313034e10 18732.639348348785
2.981307314120926e10 19094.758110463372
3.034735760610548e10 18963.74538784636
3.0881642071001705e10 18005.244741728704
3.141592653589793e10 17845.708597202178
