5.235987755982988e9 61119.0278875233
5.770272220879211e9 80691.03349535332
6.3045566857754345e9 71252.78348700992
6.8388411506716585e9 47289.46190947991
7.373125615567881e9 71966.56604586038
7.907410080464106e9 51693.41343824831
8.441694545360328e9 48354.46427711263
8.975979010256552e9 50858.42204841213
9.510263475152775e9 51862.603166614215
1.0044547940049e10 56165.276066723694
1.057883240494522e10 49231.498421809614
1.1113116869841446e10 61121.30904107807
1.1647401334737667e10 61769.192252909255
1.2181685799633892e10 62232.761859042526
1.2715970264530115e10 72143.18226812698
1.3250254729426338e10 72464.90575312104
1.3784539194322561e10 74667.89073418445
1.4318823659218784e10 78176.50538189235
1.485310812411501e10 83309.04639547155
1.538739258901123e10 90903.76317664597
1.5921677053907455e10 94759.8927226367
1.6455961518803677e10 98257.41167250037
1.6990245983699902e10 98522.47319808062
1.7524530448596123e10 98166.4533948973
1.8058814913492348e10 112913.6615287683
1.8593099378388573e10 134429.29599639826
1.9127383843284798e10 141735.18881786685
1.9661668308181015e10 130588.80519788394
2.019595277307724e10 120449.63418339238
2.073023723797346e10 151905.52328856164
2.1264521702869686e10 204598.8035600656
2.179880616776591e10 189532.4808175923
2.2333090632662132e10 137696.21888871148
2.2867375097558357e10 127484.14016417392
2.3401659562454582e10 137215.84846513602
2.3935944027350807e10 139164.7835649129
2.447022849224703e10 133594.42037739602
2.500451295714325e10 121210.6318282641
2.553879742203947e10 114999.85267804237
2.6073081886935696e10 113419.6457151159
2.660736635183192e10 112345.48138046291
2.7141650816728146e10 110188.53386338256
2.7675935281624367e10 103621.06086674923
2.821021974652059e10 100428.54566870122
2.8744504211416817e10 100150.4256630586
2.9278788676313034e10 99056.33810921946
2.981307314120926e10 99326.47424116236
3.034735760610548e10 96600.95836584242
3.0881642071001705e10 89722.91399059769
3.141592653589793e10 86246.69026577959
