5.235987755982988e9 34512.61119408731
5.770272220879211e9 50916.962033080985
6.3045566857754345e9 46621.85506912417
6.8388411506716585e9 22535.2103740445
7.373125615567881e9 37182.63506383815
7.907410080464106e9 22492.808644877972
8.441694545360328e9 26497.94720674282
8.975979010256552e9 25670.127996070132
9.510263475152775e9 22470.098616313233
1.0044547940049e10 28060.727697916685
1.057883240494522e10 24446.766958351753
1.1113116869841446e10 26775.347226456382
1.1647401334737667e10 28620.383761489666
1.2181685799633892e10 29461.804529914916
1.2715970264530115e10 33477.31880219051
1.3250254729426338e10 33140.298094286874
1.3784539194322561e10 34758.47944642907
1.4318823659218784e10 38260.223391020074
1.485310812411501e10 42901.62029463786
1.538739258901123e10 47317.3303156986
1.5921677053907455e10 48738.29071980871
1.6455961518803677e10 54697.04572956181
1.6990245983699902e10 63519.57737742069
1.7524530448596123e10 69664.3003693222
1.8058814913492348e10 74512.55737335177
1.8593099378388573e10 73063.53654183046
1.9127383843284798e10 78886.4422483479
1.9661668308181015e10 90010.59552671478
2.019595277307724e10 88830.16983971234
2.073023723797346e10 89994.5218283138
2.1264521702869686e10 92804.5356222199
2.179880616776591e10 93930.09672313301
2.2333090632662132e10 95750.93814739924
2.2867375097558357e10 98287.74806050015
2.3401659562454582e10 98423.79661891544
2.3935944027350807e10 100206.61037155511
2.447022849224703e10 100439.82164675574
2.500451295714325e10 100768.51550177987
2.553879742203947e10 98720.75480958972
2.6073081886935696e10 95144.9202532539
2.660736635183192e10 93613.57681810526
2.7141650816728146e10 93630.81671605668
2.7675935281624367e10 91357.89254033423
2.821021974652059e10 87648.90002325283
2.8744504211416817e10 85647.79501626601
2.9278788676313034e10 81157.36787649694
2.981307314120926e10 77116.76654441233
3.034735760610548e10 75060.14922131003
3.0881642071001705e10 71484.02432893029
3.141592653589793e10 67297.66904058843
