5.235987755982988e9 89489.27039545696
5.770272220879211e9 108508.27087076106
6.3045566857754345e9 83959.29218093594
6.8388411506716585e9 104897.03920195017
7.373125615567881e9 81764.55417110848
7.907410080464106e9 84601.12841625826
8.441694545360328e9 76449.77064399769
8.975979010256552e9 83622.31490772316
9.510263475152775e9 76762.63169241148
1.0044547940049e10 77844.11802370471
1.057883240494522e10 76809.04983213406
1.1113116869841446e10 77223.57592992287
1.1647401334737667e10 72263.97832514766
1.2181685799633892e10 77956.4303605016
1.2715970264530115e10 74140.18612621866
1.3250254729426338e10 77357.56469208059
1.3784539194322561e10 79906.25891418984
1.4318823659218784e10 80498.55101753394
1.485310812411501e10 79006.41724142332
1.538739258901123e10 82361.58813576394
1.5921677053907455e10 81113.59148344825
1.6455961518803677e10 80572.68793636055
1.6990245983699902e10 78105.49813696914
1.7524530448596123e10 78583.81017724819
1.8058814913492348e10 81637.7954601797
1.8593099378388573e10 80205.91393191912
1.9127383843284798e10 79075.85480067246
1.9661668308181015e10 80812.33202424258
2.019595277307724e10 83056.97479333096
2.073023723797346e10 80988.48086656406
2.1264521702869686e10 79276.74991901459
2.179880616776591e10 79638.25309236044
2.2333090632662132e10 78171.89792152226
2.2867375097558357e10 79286.26394098946
2.3401659562454582e10 79332.81813827947
2.3935944027350807e10 80325.51050989737
2.447022849224703e10 79119.8565308054
2.500451295714325e10 78305.17513675369
2.553879742203947e10 75426.67617896013
2.6073081886935696e10 75523.46496873797
2.660736635183192e10 74871.50153707278
2.7141650816728146e10 73967.99264257809
2.7675935281624367e10 72545.11489096085
2.821021974652059e10 70545.31959049261
2.8744504211416817e10 71623.69209041428
2.9278788676313034e10 71433.35914187774
2.981307314120926e10 69602.92967532673
3.034735760610548e10 66863.48494699865
3.0881642071001705e10 66268.71177181981
3.141592653589793e10 64909.99237918641
