5.235987755982988e9 185667.08185099316
5.770272220879211e9 124743.32265265449
6.3045566857754345e9 89877.35028489726
6.8388411506716585e9 94776.64664647788
7.373125615567881e9 92429.25471464863
7.907410080464106e9 76023.77674667741
8.441694545360328e9 72477.12626521656
8.975979010256552e9 83146.4322458555
9.510263475152775e9 85947.49549798506
1.0044547940049e10 75915.58365776644
1.057883240494522e10 68266.51984392568
1.1113116869841446e10 71359.3346485522
1.1647401334737667e10 76681.03146281908
1.2181685799633892e10 78107.20580827567
1.2715970264530115e10 78475.76494976888
1.3250254729426338e10 77558.17431205175
1.3784539194322561e10 73972.15016561045
1.4318823659218784e10 72286.75913548932
1.485310812411501e10 74477.03333574791
1.538739258901123e10 76039.76778188604
1.5921677053907455e10 74076.30322684158
1.6455961518803677e10 71541.51874645858
1.6990245983699902e10 70649.30995044117
1.7524530448596123e10 71475.0652943754
1.8058814913492348e10 72964.60002598971
1.8593099378388573e10 72803.41862479982
1.9127383843284798e10 71734.89013749507
1.9661668308181015e10 72952.92938434688
2.019595277307724e10 76862.595034838
2.073023723797346e10 79573.96017668302
2.1264521702869686e10 79952.47172970494
2.179880616776591e10 78848.3952044692
2.2333090632662132e10 77559.94629260339
2.2867375097558357e10 76220.69346337623
2.3401659562454582e10 75138.69348254346
2.3935944027350807e10 74119.45880093395
2.447022849224703e10 73256.49350259168
2.500451295714325e10 72799.00977402281
2.553879742203947e10 72263.85750563088
2.6073081886935696e10 71576.14734452088
2.660736635183192e10 70566.40820984766
2.7141650816728146e10 68901.5153644988
2.7675935281624367e10 67737.14366092198
2.821021974652059e10 67632.88651461375
2.8744504211416817e10 67229.9380714649
2.9278788676313034e10 65883.29780778571
2.981307314120926e10 65035.191435231536
3.034735760610548e10 64488.05570589893
3.0881642071001705e10 63602.602721653166
3.141592653589793e10 62939.201746832936
