5.235987755982988e9 23405.82468490525
5.770272220879211e9 14599.820649960919
6.3045566857754345e9 6887.870701107521
6.8388411506716585e9 8610.127826934704
7.373125615567881e9 11409.978020656366
7.907410080464106e9 9013.00919870418
8.441694545360328e9 5893.990629012498
8.975979010256552e9 6278.228799986645
9.510263475152775e9 7575.544162088567
1.0044547940049e10 7256.193228389765
1.057883240494522e10 6946.856950719708
1.1113116869841446e10 7752.798346286318
1.1647401334737667e10 8041.3690270832085
1.2181685799633892e10 7104.361883182714
1.2715970264530115e10 6772.585879358012
1.3250254729426338e10 8050.555466552357
1.3784539194322561e10 9377.712623838781
1.4318823659218784e10 9803.822193376429
1.485310812411501e10 10101.388640897005
1.538739258901123e10 10504.05226665627
1.5921677053907455e10 10569.143838684144
1.6455961518803677e10 10878.012191611779
1.6990245983699902e10 12283.110047324071
1.7524530448596123e10 13935.890340288803
1.8058814913492348e10 14220.30712754906
1.8593099378388573e10 13782.745715997831
1.9127383843284798e10 15015.982452683553
1.9661668308181015e10 19116.540755351718
2.019595277307724e10 24292.953378830687
2.073023723797346e10 27192.570010329437
2.1264521702869686e10 26185.417996866683
2.179880616776591e10 22593.808092466166
2.2333090632662132e10 19595.4384302712
2.2867375097558357e10 18612.734526371438
2.3401659562454582e10 18799.111120991784
2.3935944027350807e10 19221.47794492909
2.447022849224703e10 20066.887374236972
2.500451295714325e10 20451.11114430525
2.553879742203947e10 19695.201217258662
2.6073081886935696e10 18333.497643339902
2.660736635183192e10 17297.830958225677
2.7141650816728146e10 17227.898516004185
2.7675935281624367e10 17557.22428011986
2.821021974652059e10 17783.201867412037
2.8744504211416817e10 18148.657595797606
2.9278788676313034e10 18601.416132761275
2.981307314120926e10 18286.996004267956
3.034735760610548e10 17504.126767331923
3.0881642071001705e10 16652.276185116534
3.141592653589793e10 16213.860347876845
