5.235987755982988e9 58892.76507786666
5.770272220879211e9 88583.06396069458
6.3045566857754345e9 87068.24578853375
6.8388411506716585e9 61741.81333067953
7.373125615567881e9 76632.20427270433
7.907410080464106e9 64322.070834423255
8.441694545360328e9 74568.95453538842
8.975979010256552e9 81303.21848929311
9.510263475152775e9 73841.6194170755
1.0044547940049e10 83506.4946015615
1.057883240494522e10 74872.45420433002
1.1113116869841446e10 74915.32556656601
1.1647401334737667e10 77509.63972700168
1.2181685799633892e10 77876.46977209074
1.2715970264530115e10 81500.66419871732
1.3250254729426338e10 78737.265486891
1.3784539194322561e10 78437.79106728664
1.4318823659218784e10 78301.7404138858
1.485310812411501e10 78023.56430022267
1.538739258901123e10 82044.12302127075
1.5921677053907455e10 80827.0666842224
1.6455961518803677e10 84518.96442651174
1.6990245983699902e10 82917.17619236448
1.7524530448596123e10 76341.60711507866
1.8058814913492348e10 76994.27865192764
1.8593099378388573e10 79055.31521866297
1.9127383843284798e10 79342.57173416101
1.9661668308181015e10 82279.41371596848
2.019595277307724e10 86297.39235148998
2.073023723797346e10 81562.66777489663
2.1264521702869686e10 80638.42755927815
2.179880616776591e10 81451.38437351584
2.2333090632662132e10 80679.66789168338
2.2867375097558357e10 79093.95046513772
2.3401659562454582e10 79366.30359748898
2.3935944027350807e10 81634.88516019112
2.447022849224703e10 80759.41208602922
2.500451295714325e10 80792.18095145062
2.553879742203947e10 79344.34278522641
2.6073081886935696e10 76532.3644260262
2.660736635183192e10 76483.57250325193
2.7141650816728146e10 76136.6268659965
2.7675935281624367e10 73185.32561483311
2.821021974652059e10 73263.1456709495
2.8744504211416817e10 72839.59095678925
2.9278788676313034e10 70585.73918145281
2.981307314120926e10 68540.16747111864
3.034735760610548e10 67047.49527578872
3.0881642071001705e10 66267.44106471645
3.141592653589793e10 65583.11244398635
