5.235987755982988e9 71304.47361020971
5.770272220879211e9 106173.46165596443
6.3045566857754345e9 106867.8311438849
6.8388411506716585e9 81528.55080924543
7.373125615567881e9 91796.8300265382
7.907410080464106e9 79025.27246781996
8.441694545360328e9 90534.35455926991
8.975979010256552e9 89413.58952307288
9.510263475152775e9 76185.87206809076
1.0044547940049e10 84132.44869228084
1.057883240494522e10 77817.06733390583
1.1113116869841446e10 77494.56780891395
1.1647401334737667e10 80764.0665924454
1.2181685799633892e10 76743.70032955994
1.2715970264530115e10 74852.91862276712
1.3250254729426338e10 75775.88003966778
1.3784539194322561e10 80182.9956086248
1.4318823659218784e10 81073.48149275404
1.485310812411501e10 76686.60138834247
1.538739258901123e10 74915.63141848819
1.5921677053907455e10 71449.17148948333
1.6455961518803677e10 76087.405720686
1.6990245983699902e10 76497.33797139056
1.7524530448596123e10 76265.30433935937
1.8058814913492348e10 78904.11459156731
1.8593099378388573e10 77608.59687668797
1.9127383843284798e10 79207.39184001123
1.9661668308181015e10 82828.36009512124
2.019595277307724e10 79394.85655431447
2.073023723797346e10 80093.54876238832
2.1264521702869686e10 78772.63339913102
2.179880616776591e10 77362.26677120212
2.2333090632662132e10 77493.25275917065
2.2867375097558357e10 76380.23351698201
2.3401659562454582e10 78191.40741368906
2.3935944027350807e10 79149.27436063901
2.447022849224703e10 77023.01078684528
2.500451295714325e10 75956.87267438884
2.553879742203947e10 75420.79121495604
2.6073081886935696e10 75238.52559349677
2.660736635183192e10 74889.49953057384
2.7141650816728146e10 75445.46578101163
2.7675935281624367e10 74299.5752429704
2.821021974652059e10 72307.3617765039
2.8744504211416817e10 71404.49304746815
2.9278788676313034e10 69270.1495357728
2.981307314120926e10 67384.32872355543
3.034735760610548e10 65943.85952642589
3.0881642071001705e10 65271.28979084126
3.141592653589793e10 65803.93606870685
