5.235987755982988e9 53345.850724813805
5.770272220879211e9 77905.92470775243
6.3045566857754345e9 71062.33076347981
6.8388411506716585e9 34627.215966695534
7.373125615567881e9 57212.429945577176
7.907410080464106e9 34186.99372387492
8.441694545360328e9 40440.41047138249
8.975979010256552e9 39463.7093933706
9.510263475152775e9 32667.798049941655
1.0044547940049e10 41100.94204236707
1.057883240494522e10 36104.29921008263
1.1113116869841446e10 40107.203382230444
1.1647401334737667e10 42846.90071912375
1.2181685799633892e10 44395.601920498855
1.2715970264530115e10 51034.92605342719
1.3250254729426338e10 50021.030577372796
1.3784539194322561e10 52212.46986609302
1.4318823659218784e10 57247.22529077358
1.485310812411501e10 64214.6073515877
1.538739258901123e10 70712.90812362329
1.5921677053907455e10 72874.42926756744
1.6455961518803677e10 81567.20022558038
1.6990245983699902e10 93413.58665169739
1.7524530448596123e10 102047.4787901646
1.8058814913492348e10 108541.32124179846
1.8593099378388573e10 106412.83025220645
1.9127383843284798e10 114398.46783319637
1.9661668308181015e10 129621.14262208233
2.019595277307724e10 126852.39443574839
2.073023723797346e10 127878.45790484594
2.1264521702869686e10 131545.86801028176
2.179880616776591e10 133331.9596966809
2.2333090632662132e10 134317.24152186737
2.2867375097558357e10 136233.744468248
2.3401659562454582e10 136499.00494162762
2.3935944027350807e10 138211.72222921063
2.447022849224703e10 138033.83738992343
2.500451295714325e10 136693.13058180967
2.553879742203947e10 134128.39072818685
2.6073081886935696e10 127946.7491452283
2.660736635183192e10 124625.99567668569
2.7141650816728146e10 124360.3511927256
2.7675935281624367e10 122056.37492571972
2.821021974652059e10 116219.05987495898
2.8744504211416817e10 112665.46388438738
2.9278788676313034e10 105953.33031754542
2.981307314120926e10 100125.68789350726
3.034735760610548e10 97002.10047689447
3.0881642071001705e10 92359.16376649015
3.141592653589793e10 86543.9657413723
