5.235987755982988e9 39003.03374018602
5.770272220879211e9 55097.39934831584
6.3045566857754345e9 49898.85757187331
6.8388411506716585e9 24533.61570977018
7.373125615567881e9 40223.79060559504
7.907410080464106e9 24963.06063399844
8.441694545360328e9 30551.264601105915
8.975979010256552e9 30512.526465934967
9.510263475152775e9 25328.946169900293
1.0044547940049e10 30900.836351285227
1.057883240494522e10 28127.64906752329
1.1113116869841446e10 31294.816058793433
1.1647401334737667e10 32733.673702933225
1.2181685799633892e10 33846.7782710692
1.2715970264530115e10 39059.50158205942
1.3250254729426338e10 38669.077058694646
1.3784539194322561e10 40500.62099098687
1.4318823659218784e10 44021.614429759065
1.485310812411501e10 48861.84019047353
1.538739258901123e10 53481.831197319014
1.5921677053907455e10 55377.65094795601
1.6455961518803677e10 62281.095471101034
1.6990245983699902e10 70628.7247154506
1.7524530448596123e10 77429.41716283195
1.8058814913492348e10 82495.3900486819
1.8593099378388573e10 80673.87239112037
1.9127383843284798e10 86690.46540973737
1.9661668308181015e10 97198.57109174036
2.019595277307724e10 94761.32752002074
2.073023723797346e10 96835.9091320024
2.1264521702869686e10 100307.32922142168
2.179880616776591e10 101365.47413334438
2.2333090632662132e10 101913.67154752032
2.2867375097558357e10 103060.212345693
2.3401659562454582e10 104380.07589832942
2.3935944027350807e10 105738.10400613988
2.447022849224703e10 104694.21613537746
2.500451295714325e10 103543.40456481533
2.553879742203947e10 101764.04727848647
2.6073081886935696e10 97761.75048264198
2.660736635183192e10 94827.4550967605
2.7141650816728146e10 93694.70895959952
2.7675935281624367e10 91891.38631291018
2.821021974652059e10 88255.48403361137
2.8744504211416817e10 85935.71914173228
2.9278788676313034e10 81568.58627044702
2.981307314120926e10 78001.8858393979
3.034735760610548e10 75500.95156689725
3.0881642071001705e10 71275.36756631649
3.141592653589793e10 67652.354648062
