5.235987755982988e9 52583.21210300624
5.770272220879211e9 76329.44947891933
6.3045566857754345e9 68512.16239080054
6.8388411506716585e9 33602.41319458125
7.373125615567881e9 55341.09021788396
7.907410080464106e9 33951.00543573104
8.441694545360328e9 40224.95597281562
8.975979010256552e9 39551.810340886914
9.510263475152775e9 33306.62611827199
1.0044547940049e10 41584.28268962999
1.057883240494522e10 36182.46787228628
1.1113116869841446e10 38969.363581903424
1.1647401334737667e10 42893.58274789351
1.2181685799633892e10 45174.06878183044
1.2715970264530115e10 51603.68845452927
1.3250254729426338e10 51282.16621781589
1.3784539194322561e10 52072.602637437536
1.4318823659218784e10 55867.25148564761
1.485310812411501e10 62775.32430259792
1.538739258901123e10 69402.17305024932
1.5921677053907455e10 71914.54751537272
1.6455961518803677e10 80235.50434898294
1.6990245983699902e10 91772.85593070269
1.7524530448596123e10 99746.79088273756
1.8058814913492348e10 106620.19705325749
1.8593099378388573e10 104920.3254380931
1.9127383843284798e10 112239.07084236303
1.9661668308181015e10 126828.69231827611
2.019595277307724e10 123936.28562212709
2.073023723797346e10 124313.60659524426
2.1264521702869686e10 128255.83954529601
2.179880616776591e10 128618.88009346082
2.2333090632662132e10 129524.54547599524
2.2867375097558357e10 131678.3644199417
2.3401659562454582e10 132604.04075106623
2.3935944027350807e10 134497.45280055577
2.447022849224703e10 134162.84543775953
2.500451295714325e10 132126.8449149523
2.553879742203947e10 128615.94053425915
2.6073081886935696e10 122920.77675259061
2.660736635183192e10 120599.31091961483
2.7141650816728146e10 119845.50553548621
2.7675935281624367e10 116462.10156782165
2.821021974652059e10 111230.23244591014
2.8744504211416817e10 108361.11331261348
2.9278788676313034e10 102574.09465248903
2.981307314120926e10 96677.22457743445
3.034735760610548e10 93674.41686340522
3.0881642071001705e10 89477.12584459064
3.141592653589793e10 84505.43626620175
