5.235987755982988e9 131210.06454157742
5.770272220879211e9 191728.1783652449
6.3045566857754345e9 190440.0667587725
6.8388411506716585e9 134625.66707988858
7.373125615567881e9 144197.9482740938
7.907410080464106e9 130545.96323080394
8.441694545360328e9 143359.08946537122
8.975979010256552e9 132745.65207379984
9.510263475152775e9 111775.55029533479
1.0044547940049e10 119694.71489548875
1.057883240494522e10 119905.49384738416
1.1113116869841446e10 122651.82756135674
1.1647401334737667e10 123310.95211111978
1.2181685799633892e10 120689.6331345213
1.2715970264530115e10 120884.1450922468
1.3250254729426338e10 121873.80170324363
1.3784539194322561e10 122725.95816331285
1.4318823659218784e10 119782.96262443728
1.485310812411501e10 116234.6258219457
1.538739258901123e10 120006.15254894429
1.5921677053907455e10 119982.43269522974
1.6455961518803677e10 123024.0807998692
1.6990245983699902e10 121738.81503123377
1.7524530448596123e10 121151.11309235367
1.8058814913492348e10 124436.11126689178
1.8593099378388573e10 125183.84645047407
1.9127383843284798e10 122174.68633891376
1.9661668308181015e10 121804.31584244198
2.019595277307724e10 116527.31042414687
2.073023723797346e10 114080.92940193736
2.1264521702869686e10 118997.81399586215
2.179880616776591e10 118288.10789064104
2.2333090632662132e10 114526.38681024747
2.2867375097558357e10 114525.29445390133
2.3401659562454582e10 113449.10035024681
2.3935944027350807e10 113612.4340523918
2.447022849224703e10 112611.801508794
2.500451295714325e10 110486.9486072154
2.553879742203947e10 107558.32868831808
2.6073081886935696e10 105285.63777190256
2.660736635183192e10 105759.2739613272
2.7141650816728146e10 105506.98260130921
2.7675935281624367e10 101780.03430691759
2.821021974652059e10 98158.62922190446
2.8744504211416817e10 98756.30013787447
2.9278788676313034e10 97006.1181007643
2.981307314120926e10 93523.04362359429
3.034735760610548e10 90625.24137777303
3.0881642071001705e10 87205.28154745974
3.141592653589793e10 85778.14435714443
