5.235987755982988e9 78378.46260548494
5.770272220879211e9 113994.23482592778
6.3045566857754345e9 114240.04995630555
6.8388411506716585e9 81223.89511383674
7.373125615567881e9 87143.48355437661
7.907410080464106e9 80011.42074980808
8.441694545360328e9 87385.43191817515
8.975979010256552e9 80450.96840418823
9.510263475152775e9 68470.16843182259
1.0044547940049e10 73466.85187275792
1.057883240494522e10 73048.27856545756
1.1113116869841446e10 74341.95791739624
1.1647401334737667e10 74594.61425810463
1.2181685799633892e10 72526.69835353372
1.2715970264530115e10 73537.35392261889
1.3250254729426338e10 74931.01276131668
1.3784539194322561e10 75556.90465842564
1.4318823659218784e10 73738.535366443
1.485310812411501e10 71689.42028484159
1.538739258901123e10 74420.67507241592
1.5921677053907455e10 75528.59427272265
1.6455961518803677e10 77985.54728533124
1.6990245983699902e10 76989.29386374711
1.7524530448596123e10 76575.22364398444
1.8058814913492348e10 78917.80048325844
1.8593099378388573e10 79870.09615557613
1.9127383843284798e10 78383.57230846748
1.9661668308181015e10 78386.74885861161
2.019595277307724e10 75452.39654637776
2.073023723797346e10 74275.10684614199
2.1264521702869686e10 77480.76682115761
2.179880616776591e10 77822.58049745802
2.2333090632662132e10 75561.13696511331
2.2867375097558357e10 75463.74908464635
2.3401659562454582e10 75385.11603038099
2.3935944027350807e10 76381.56242942768
2.447022849224703e10 76006.90588838089
2.500451295714325e10 75027.7980442739
2.553879742203947e10 73571.60402003158
2.6073081886935696e10 72465.44444452907
2.660736635183192e10 73099.38500343793
2.7141650816728146e10 73240.33391115855
2.7675935281624367e10 71168.7256580424
2.821021974652059e10 69510.62845229327
2.8744504211416817e10 70264.35843909242
2.9278788676313034e10 69475.02322129904
2.981307314120926e10 67616.65094257647
3.034735760610548e10 65633.8165226462
3.0881642071001705e10 63784.89830107724
3.141592653589793e10 63404.42696988698
