5.235987755982988e9 58793.49770878914
5.770272220879211e9 85120.10651494053
6.3045566857754345e9 77286.35878385138
6.8388411506716585e9 37098.252697588425
7.373125615567881e9 62337.565568347636
7.907410080464106e9 36946.7506384417
8.441694545360328e9 44358.53044192995
8.975979010256552e9 42606.51053288636
9.510263475152775e9 35723.37272449868
1.0044547940049e10 45234.558089990176
1.057883240494522e10 38890.1083213963
1.1113116869841446e10 43016.077776223356
1.1647401334737667e10 46473.975516756786
1.2181685799633892e10 47748.30667907039
1.2715970264530115e10 54812.34340899498
1.3250254729426338e10 53848.201316357205
1.3784539194322561e10 55938.372371485384
1.4318823659218784e10 61096.13575889686
1.485310812411501e10 68579.91760687485
1.538739258901123e10 75958.92658615079
1.5921677053907455e10 78522.7613452768
1.6455961518803677e10 87612.02169366632
1.6990245983699902e10 100941.45570985781
1.7524530448596123e10 110252.38943016449
1.8058814913492348e10 117010.15649229931
1.8593099378388573e10 114847.66595068068
1.9127383843284798e10 123246.23449357983
1.9661668308181015e10 139673.796778358
2.019595277307724e10 136911.94678127146
2.073023723797346e10 138455.74390625823
2.1264521702869686e10 142442.31554971455
2.179880616776591e10 143448.34701683657
2.2333090632662132e10 145488.26528140798
2.2867375097558357e10 147372.77145409118
2.3401659562454582e10 147248.1878265527
2.3935944027350807e10 149558.00872615707
2.447022849224703e10 149104.64833675648
2.500451295714325e10 147944.54490893162
2.553879742203947e10 144151.1085810842
2.6073081886935696e10 138133.29401451274
2.660736635183192e10 135195.44748573197
2.7141650816728146e10 133885.8938686781
2.7675935281624367e10 130380.48269386271
2.821021974652059e10 124451.16436271682
2.8744504211416817e10 120582.14148104921
2.9278788676313034e10 113451.98693691946
2.981307314120926e10 107350.58968067839
3.034735760610548e10 103231.06631930135
3.0881642071001705e10 97688.6276054262
3.141592653589793e10 91496.870845632
