5.235987755982988e9 6627.696598183024
5.770272220879211e9 9685.90663140835
6.3045566857754345e9 9245.380991697062
6.8388411506716585e9 5166.412333894931
7.373125615567881e9 7190.625920896875
7.907410080464106e9 4682.716415422322
8.441694545360328e9 5782.058092774438
8.975979010256552e9 5617.55997586496
9.510263475152775e9 5096.510887212303
1.0044547940049e10 6199.252635852689
1.057883240494522e10 5265.5720591822455
1.1113116869841446e10 5775.311534819971
1.1647401334737667e10 6247.250980965574
1.2181685799633892e10 6388.19549523205
1.2715970264530115e10 7326.679359608977
1.3250254729426338e10 7201.2213213261575
1.3784539194322561e10 7308.856202692237
1.4318823659218784e10 8199.459660868311
1.485310812411501e10 9240.814684590034
1.538739258901123e10 10279.841769761097
1.5921677053907455e10 10653.359119508084
1.6455961518803677e10 11791.013516653074
1.6990245983699902e10 13644.645550725843
1.7524530448596123e10 14848.637788460057
1.8058814913492348e10 15754.964535558223
1.8593099378388573e10 15693.691966125698
1.9127383843284798e10 16906.772736075192
1.9661668308181015e10 19186.11622141682
2.019595277307724e10 18949.378212582655
2.073023723797346e10 19665.54892707452
2.1264521702869686e10 20710.529225276885
2.179880616776591e10 21195.362643229364
2.2333090632662132e10 21884.256340107215
2.2867375097558357e10 22383.36941932503
2.3401659562454582e10 22759.918258279777
2.3935944027350807e10 23427.86923700614
2.447022849224703e10 23804.65460783758
2.500451295714325e10 23950.8545062428
2.553879742203947e10 23962.921487938554
2.6073081886935696e10 23159.519336896316
2.660736635183192e10 22948.36051684452
2.7141650816728146e10 23175.207207173178
2.7675935281624367e10 23251.82819247397
2.821021974652059e10 22592.111499910938
2.8744504211416817e10 22174.489933744822
2.9278788676313034e10 21369.73526312977
2.981307314120926e10 20681.330127949113
3.034735760610548e10 20118.705069649743
3.0881642071001705e10 19505.76633680026
3.141592653589793e10 18770.865017201086
