5.235987755982988e9 28913.642785137148
5.770272220879211e9 36659.6385826964
6.3045566857754345e9 32152.659246823398
6.8388411506716585e9 21828.872173822703
7.373125615567881e9 27849.814685698875
7.907410080464106e9 21611.208334185725
8.441694545360328e9 24860.33520071285
8.975979010256552e9 25007.83176130331
9.510263475152775e9 24669.332521353794
1.0044547940049e10 28595.441555881916
1.057883240494522e10 26674.064929392993
1.1113116869841446e10 27076.136559779326
1.1647401334737667e10 27944.546222366203
1.2181685799633892e10 29181.407182432293
1.2715970264530115e10 29901.467368474652
1.3250254729426338e10 28880.543020521167
1.3784539194322561e10 29367.865199533022
1.4318823659218784e10 30531.505650315426
1.485310812411501e10 32096.722159236284
1.538739258901123e10 33722.68041379642
1.5921677053907455e10 34478.079701845665
1.6455961518803677e10 35654.655263995184
1.6990245983699902e10 36186.79578890396
1.7524530448596123e10 37804.76273764983
1.8058814913492348e10 39486.14844117681
1.8593099378388573e10 41189.93156491614
1.9127383843284798e10 42673.485028179704
1.9661668308181015e10 44640.78027552915
2.019595277307724e10 45174.66039814038
2.073023723797346e10 45121.03702399811
2.1264521702869686e10 46738.4367633346
2.179880616776591e10 48844.01326857424
2.2333090632662132e10 50689.16835636999
2.2867375097558357e10 51644.45698568225
2.3401659562454582e10 52698.20620927404
2.3935944027350807e10 52191.805563392496
2.447022849224703e10 52761.06797936088
2.500451295714325e10 51044.61792169408
2.553879742203947e10 48371.02149071496
2.6073081886935696e10 48280.356826012336
2.660736635183192e10 48146.83015807532
2.7141650816728146e10 47871.48554934613
2.7675935281624367e10 46875.464150168285
2.821021974652059e10 45415.49529735842
2.8744504211416817e10 43932.22900572553
2.9278788676313034e10 43043.66325588727
2.981307314120926e10 42529.89167067703
3.034735760610548e10 42290.129616740036
3.0881642071001705e10 40974.84174331787
3.141592653589793e10 39906.534422849356
