5.235987755982988e9 36450.84517937169
5.770272220879211e9 51752.421128312555
6.3045566857754345e9 45822.92628997254
6.8388411506716585e9 22944.440253240682
7.373125615567881e9 37135.06090924827
7.907410080464106e9 22688.770565666222
8.441694545360328e9 26072.733971248726
8.975979010256552e9 25385.18290925633
9.510263475152775e9 22877.149651362113
1.0044547940049e10 28072.894585383914
1.057883240494522e10 24468.121153538395
1.1113116869841446e10 28025.728903812917
1.1647401334737667e10 29718.371500822483
1.2181685799633892e10 31299.94616344203
1.2715970264530115e10 36997.500073403266
1.3250254729426338e10 36536.61348299992
1.3784539194322561e10 37928.32751013483
1.4318823659218784e10 41813.77466331042
1.485310812411501e10 46005.67182770778
1.538739258901123e10 51281.69865271247
1.5921677053907455e10 53412.37586269627
1.6455961518803677e10 58616.77528240813
1.6990245983699902e10 66201.65840922258
1.7524530448596123e10 71295.43516525219
1.8058814913492348e10 75978.89802087574
1.8593099378388573e10 77262.46215493554
1.9127383843284798e10 83201.68954278778
1.9661668308181015e10 93549.64042172174
2.019595277307724e10 92680.1979727756
2.073023723797346e10 93800.93679988975
2.1264521702869686e10 96516.34946212135
2.179880616776591e10 97764.66740290215
2.2333090632662132e10 99119.02065752886
2.2867375097558357e10 99351.35230255095
2.3401659562454582e10 99184.84198292525
2.3935944027350807e10 101509.95250550746
2.447022849224703e10 101799.5834237595
2.500451295714325e10 100609.42772110937
2.553879742203947e10 99709.90446360424
2.6073081886935696e10 94621.03770985507
2.660736635183192e10 91586.10305748484
2.7141650816728146e10 89644.17301888703
2.7675935281624367e10 88174.28782727527
2.821021974652059e10 85510.34078648478
2.8744504211416817e10 83189.12814023304
2.9278788676313034e10 78576.77896370193
2.981307314120926e10 75492.74625745403
3.034735760610548e10 73120.30045299901
3.0881642071001705e10 69204.07446883521
3.141592653589793e10 65343.437973681815
