5.235987755982988e9 21545.945226066462
5.770272220879211e9 25686.455736432086
6.3045566857754345e9 21562.867593615527
6.8388411506716585e9 15512.689180486004
7.373125615567881e9 22568.926330294187
7.907410080464106e9 17045.365246555644
8.441694545360328e9 18218.55382348963
8.975979010256552e9 19089.453360940865
9.510263475152775e9 18440.134631806417
1.0044547940049e10 19747.684334528665
1.057883240494522e10 17903.828727425156
1.1113116869841446e10 19511.99845907354
1.1647401334737667e10 20360.582619658195
1.2181685799633892e10 21433.983442850757
1.2715970264530115e10 22926.814746198623
1.3250254729426338e10 22438.033802360478
1.3784539194322561e10 24289.09207592336
1.4318823659218784e10 24053.231048403504
1.485310812411501e10 25194.010467335545
1.538739258901123e10 27475.215756296202
1.5921677053907455e10 28302.546981483432
1.6455961518803677e10 29395.401797270784
1.6990245983699902e10 30023.29331361249
1.7524530448596123e10 30982.339314360743
1.8058814913492348e10 31769.091423876485
1.8593099378388573e10 33348.54341567069
1.9127383843284798e10 34344.485247869285
1.9661668308181015e10 35541.19879703207
2.019595277307724e10 36749.06120571067
2.073023723797346e10 38898.73163199619
2.1264521702869686e10 42514.266663696435
2.179880616776591e10 42925.4408905131
2.2333090632662132e10 40831.72675750391
2.2867375097558357e10 39039.285459352956
2.3401659562454582e10 41566.66358091116
2.3935944027350807e10 44015.23973766397
2.447022849224703e10 42136.5029214968
2.500451295714325e10 39862.51677359164
2.553879742203947e10 38771.09583709241
2.6073081886935696e10 39350.85581887814
2.660736635183192e10 40093.5707295332
2.7141650816728146e10 38752.35765084926
2.7675935281624367e10 37323.921625129144
2.821021974652059e10 36020.484460973006
2.8744504211416817e10 35202.85383979471
2.9278788676313034e10 34317.56717673574
2.981307314120926e10 34624.96011403171
3.034735760610548e10 34665.232216058226
3.0881642071001705e10 33582.74491112912
3.141592653589793e10 32534.011009995796
