5.235987755982988e9 20802.660028340088
5.770272220879211e9 25016.743603540766
6.3045566857754345e9 24879.618851867202
6.8388411506716585e9 16217.658033232656
7.373125615567881e9 19722.13913668681
7.907410080464106e9 15272.051957385816
8.441694545360328e9 16189.195096637508
8.975979010256552e9 16244.528584492366
9.510263475152775e9 17114.50706889112
1.0044547940049e10 18789.473165942112
1.057883240494522e10 17529.008317512227
1.1113116869841446e10 18505.40430266434
1.1647401334737667e10 17921.267602871547
1.2181685799633892e10 17835.361936704365
1.2715970264530115e10 19905.89029317229
1.3250254729426338e10 20136.178855998944
1.3784539194322561e10 21415.61289580617
1.4318823659218784e10 22132.987903883928
1.485310812411501e10 22553.724138876198
1.538739258901123e10 25048.778838213122
1.5921677053907455e10 26970.523171495483
1.6455961518803677e10 29293.543879031367
1.6990245983699902e10 30062.41768674021
1.7524530448596123e10 29592.230389663655
1.8058814913492348e10 31215.56380485185
1.8593099378388573e10 31801.125933106865
1.9127383843284798e10 31898.631746982537
1.9661668308181015e10 31897.536466208225
2.019595277307724e10 32286.168003025923
2.073023723797346e10 34130.993595799264
2.1264521702869686e10 38158.91585896959
2.179880616776591e10 39673.03742756421
2.2333090632662132e10 37410.22940257257
2.2867375097558357e10 37035.90673005615
2.3401659562454582e10 39266.78053054072
2.3935944027350807e10 40179.70872378511
2.447022849224703e10 38333.645754215686
2.500451295714325e10 36297.790503274315
2.553879742203947e10 35442.12507675699
2.6073081886935696e10 35877.29927127901
2.660736635183192e10 35923.13876980843
2.7141650816728146e10 35732.52857408611
2.7675935281624367e10 35045.51741347696
2.821021974652059e10 33670.02606759111
2.8744504211416817e10 32925.923116110986
2.9278788676313034e10 32531.517788538786
2.981307314120926e10 32389.80002125505
3.034735760610548e10 31844.483638912396
3.0881642071001705e10 31592.928154310852
3.141592653589793e10 31039.334334434476
