-30.0 1.0 0.0 0.0 0.0 0.0 0.0 0.0 0.0 0.0
-25.0 1.0 0.0 0.0 0.0 0.0 0.0 0.0 0.0 0.0
-20.0 1.0 0.0 0.0 0.0 0.0 0.0 0.0 0.0 0.0
-14.999999999999998 0.9938290651033631 0.005553841406973156 0.000617093489663684 0.0 0.0 0.0 0.0 0.0 0.0
-10.0 0.8784325825362542 0.11416229558778154 0.007096575131132366 0.000308546744831842 0.0 0.0 0.0 0.0 0.0
-4.9999999999999964 0.4193150262264733 0.49892008639308855 0.07405121875964209 0.006788028386300524 0.0009256402344955261 0.0 0.0 0.0 0.0
3.552713678800501e-15 0.021906818883060782 0.5843875347115088 0.31811169392162914 0.06479481641468683 0.009873495834618945 0.0009256402344955261 0.0 0.0 0.0
4.9999999999999964 0.0 0.20610922554767047 0.5310089478556002 0.21845109534094415 0.038876889848812095 0.005245294662141314 0.000308546744831842 0.0 0.0
10.0 0.0 0.0212897253933971 0.41808083924714595 0.41653810552298676 0.12372724467756865 0.017587164455414996 0.002776920703486578 0.0 0.0
15.0 0.0 0.0009256402344955261 0.1974699166923789 0.5100277692070349 0.24035791422400493 0.04720765195927183 0.004011107682813947 0.0 0.0
20.000000000000004 0.0 0.0 0.06356062943535945 0.46929959888923173 0.3690219068188831 0.08917000925640234 0.008947855600123419 0.0 0.0
25.0 0.0 0.0 0.013267510027769207 0.3390928725701944 0.4794816414686825 0.15303918543659364 0.014810243751928418 0.000308546744831842 0.0
30.000000000000004 0.0 0.0 0.0021598272138228943 0.201172477630361 0.5427337241592102 0.22832459117556309 0.024683739586547362 0.000617093489663684 0.000308546744831842
34.99999999999999 0.0 0.0 0.0 0.10829990743597655 0.531317494600432 0.3193458809009565 0.03980253008330762 0.0009256402344955261 0.000308546744831842
39.99999999999999 0.0 0.0 0.0 0.05183585313174946 0.474544893551373 0.408207343412527 0.06356062943535945 0.0015427337241592102 0.000308546744831842
45.0 0.0 0.0 0.0 0.020364085158901573 0.402344955260722 0.48225856217216906 0.09256402344955261 0.0021598272138228943 0.000308546744831842
49.99999999999999 0.0 0.0 0.0 0.008330762110459735 0.3227398950941068 0.5470533785868559 0.11940759024992287 0.0021598272138228943 0.000308546744831842
55.0 0.0 0.0 0.0 0.003394014193150262 0.25146559703795124 0.5865473619253316 0.15581610614008023 0.002468373958654736 0.000308546744831842
60.00000000000001 0.0 0.0 0.0 0.001234186979327368 0.201172477630361 0.6041345263807467 0.1900647948164147 0.0030854674483184203 0.000308546744831842
65.0 0.0 0.0 0.0 0.000617093489663684 0.1505708114779389 0.6183276766430115 0.22709040419623572 0.0030854674483184203 0.000308546744831842
70.0 0.0 0.0 0.0 0.000308546744831842 0.11138537488429497 0.6164763961740204 0.26843566800370255 0.0030854674483184203 0.000308546744831842
75.0 0.0 0.0 0.0 0.0 0.08361616784942918 0.6041345263807467 0.30885529157667385 0.0030854674483184203 0.000308546744831842
80.0 0.0 0.0 0.0 0.0 0.06356062943535945 0.5865473619253316 0.34618944770132676 0.003394014193150262 0.000308546744831842
85.00000000000001 0.0 0.0 0.0 0.0 0.05060166615242209 0.5578525146559704 0.3878432582536254 0.003394014193150262 0.000308546744831842
90.0 0.0 0.0 0.0 0.0 0.03918543659364394 0.5399568034557235 0.4162295587781549 0.004319654427645789 0.000308546744831842
95.00000000000001 0.0 0.0 0.0 0.0 0.032397408207343416 0.5128046899105214 0.4498611539648257 0.0046282011724776305 0.000308546744831842
99.99999999999999 0.0 0.0 0.0 0.0 0.02622647331070657 0.4831842024066646 0.48225856217216906 0.008022215365627893 0.000308546744831842
105.0 0.0 0.0 0.0 0.0 0.02005553841406973 0.45047824745448933 0.5103363159518667 0.01820425794507868 0.0009256402344955261
109.99999999999999 0.0 0.0 0.0 0.0 0.01573588398642394 0.4075902499228633 0.5359456957729096 0.03949398333847578 0.001234186979327368
115.0 0.0 0.0 0.0 0.0 0.011416229558778156 0.36099969145325517 0.5652576365319346 0.05924097500771367 0.0030854674483184203
120.0 0.0 0.0 0.0 0.0 0.008330762110459735 0.32212280160444307 0.591792656587473 0.07405121875964209 0.0037025609379821045
125.0 0.0 0.0 0.0 0.0 0.005553841406973156 0.2863313792039494 0.6207960506016662 0.08330762110459734 0.004011107682813947
130.0 0.0 0.0 0.0 0.0 0.003394014193150262 0.2638074668312249 0.6377661215674174 0.09040419623572972 0.0046282011724776305
135.0 0.0 0.0 0.0 0.0 0.002468373958654736 0.23572971305152732 0.6630669546436285 0.09379821042887998 0.004936747917309472
140.0 0.0 0.0 0.0 0.0 0.0015427337241592102 0.20826905276149338 0.6849737735266893 0.09996914532551682 0.005245294662141314
