-30.0 1.0 0.0 0.0 0.0 0.0 0.0 0.0 0.0 0.0
-25.0 1.0 0.0 0.0 0.0 0.0 0.0 0.0 0.0 0.0
-20.0 1.0 0.0 0.0 0.0 0.0 0.0 0.0 0.0 0.0
-14.999999999999998 1.0 0.0 0.0 0.0 0.0 0.0 0.0 0.0 0.0
-10.0 0.995988892317186 0.004011107682813947 0.0 0.0 0.0 0.0 0.0 0.0 0.0
-4.9999999999999964 0.9564949089787103 0.04196235729713051 0.0015427337241592102 0.0 0.0 0.0 0.0 0.0 0.0
3.552713678800501e-15 0.8336933045356372 0.15797593335390311 0.008022215365627893 0.000308546744831842 0.0 0.0 0.0 0.0 0.0
4.9999999999999964 0.5226781857451404 0.4310398025300833 0.04443073125578525 0.0018512804689910522 0.0 0.0 0.0 0.0 0.0
10.0 0.2107374267201481 0.6686207960506017 0.10891700092564023 0.011416229558778156 0.000308546744831842 0.0 0.0 0.0 0.0
15.0 0.0330145016970071 0.7395865473619253 0.2020981178648565 0.023758099352051837 0.0015427337241592102 0.0 0.0 0.0 0.0
20.000000000000004 0.0030854674483184203 0.6535020055538414 0.2986732489972231 0.04103671706263499 0.0030854674483184203 0.000617093489663684 0.0 0.0 0.0
25.0 0.000308546744831842 0.5575439679111386 0.3810552298673249 0.056155507559395246 0.004319654427645789 0.000617093489663684 0.0 0.0 0.0
30.000000000000004 0.0 0.4594261030546128 0.4634372107374267 0.07004011107682814 0.0064794816414686825 0.000617093489663684 0.0 0.0 0.0
34.99999999999999 0.0 0.3767355754396791 0.5328602283245911 0.08207343412526998 0.007405121875964209 0.0009256402344955261 0.0 0.0 0.0
39.99999999999999 0.0 0.30206726319037336 0.5942610305461278 0.09441530391854366 0.008022215365627893 0.001234186979327368 0.0 0.0 0.0
45.0 0.0 0.24097500771366862 0.6405430422709041 0.10860845418080839 0.008639308855291577 0.001234186979327368 0.0 0.0 0.0
49.99999999999999 0.0 0.1900647948164147 0.685590867016353 0.11292810860845418 0.009873495834618945 0.0015427337241592102 0.0 0.0 0.0
55.0 0.0 0.15334773218142547 0.7142857142857143 0.12095032397408208 0.009873495834618945 0.0015427337241592102 0.0 0.0 0.0
60.00000000000001 0.0 0.12249305769824129 0.7395865473619253 0.12650416538105522 0.009564949089787103 0.0015427337241592102 0.000308546744831842 0.0 0.0
65.0 0.0 0.09750077136686208 0.7553224313483493 0.13514347423634682 0.010182042579450786 0.0015427337241592102 0.000308546744831842 0.0 0.0
70.0 0.0 0.08546744831842024 0.7621104597346497 0.13977167540882443 0.01079913606911447 0.0015427337241592102 0.000308546744831842 0.0 0.0
75.0 0.0 0.07127429805615551 0.7698241283554459 0.14625115705029312 0.01079913606911447 0.0015427337241592102 0.000308546744831842 0.0 0.0
80.0 0.0 0.05708114779389077 0.7781548904659056 0.1521135452020981 0.01079913606911447 0.0015427337241592102 0.000308546744831842 0.0 0.0
85.00000000000001 0.0 0.04720765195927183 0.7809318111693921 0.15921012033323048 0.01079913606911447 0.0015427337241592102 0.000308546744831842 0.0 0.0
90.0 0.0 0.0425794507867942 0.7806232644245603 0.16414686825053995 0.01079913606911447 0.0015427337241592102 0.000308546744831842 0.0 0.0
95.00000000000001 0.0 0.0330145016970071 0.7855600123418698 0.1687750694230176 0.01079913606911447 0.0015427337241592102 0.000308546744831842 0.0 0.0
99.99999999999999 0.0 0.025609379821042888 0.785251465597038 0.17648873804381363 0.01079913606911447 0.0015427337241592102 0.000308546744831842 0.0 0.0
105.0 0.0 0.023141005862388153 0.7840172786177105 0.1798827522369639 0.011107682813946312 0.0015427337241592102 0.000308546744831842 0.0 0.0
109.99999999999999 0.0 0.01974699166923789 0.7824745448935514 0.18451095340944154 0.011416229558778156 0.0015427337241592102 0.000308546744831842 0.0 0.0
115.0 0.0 0.01635297747608763 0.781240357914224 0.18913915458191916 0.011416229558778156 0.0015427337241592102 0.000308546744831842 0.0 0.0
120.0 0.0 0.013576056772601049 0.7784634372107374 0.1946929959888923 0.011416229558778156 0.0015427337241592102 0.000308546744831842 0.0 0.0
125.0 0.0 0.011416229558778156 0.7772292502314101 0.19808701018204258 0.011416229558778156 0.0015427337241592102 0.000308546744831842 0.0 0.0
130.0 0.0 0.009873495834618945 0.7766121567417463 0.20024683739586546 0.011416229558778156 0.0015427337241592102 0.000308546744831842 0.0 0.0
135.0 0.0 0.008639308855291577 0.7729095958037643 0.20518358531317496 0.011416229558778156 0.0015427337241592102 0.000308546744831842 0.0 0.0
140.0 0.0 0.007713668620796051 0.7729095958037643 0.20610922554767047 0.011416229558778156 0.0015427337241592102 0.000308546744831842 0.0 0.0
