-30.0 0.0
-25.0 0.0
-20.0 0.0
-14.999999999999998 0.0
-10.0 0.004011107682813947
-4.9999999999999964 0.04504782474544894
3.552713678800501e-15 0.17494600431965443
4.9999999999999964 0.5254551064486269
10.0 0.921937673557544
15.0 1.2212280160444307
20.000000000000004 1.3893859919777847
25.0 1.5084850354828756
30.000000000000004 1.6254242517741437
34.99999999999999 1.7229250231410058
39.99999999999999 1.812095032397408
45.0 1.888614625115705
49.99999999999999 1.947238506633755
55.0 1.991977784634372
60.00000000000001 2.029003394014193
65.0 2.0638691761801913
70.0 2.081764887380438
75.0 2.1024375192841713
80.0 2.1224930576982413
85.00000000000001 2.1394631286639925
90.0 2.14902807775378
95.00000000000001 2.1632212280160443
99.99999999999999 2.1783400185128046
105.0 2.184819500154273
109.99999999999999 2.193458809009565
115.0 2.2014810243751928
120.0 2.209811786485653
125.0 2.2153656278926257
130.0 2.2190681888306076
135.0 2.2252391237272446
140.0 2.2270904041962356
