-30.0 0.0
-25.0 0.0
-20.0 0.0
-14.999999999999998 0.006788028386300524
-10.0 0.1292810860845418
-4.9999999999999964 0.6710891700092564
3.552713678800501e-15 1.459117556309781
4.9999999999999964 2.107065720456649
10.0 2.706572045664918
15.0 3.1474853440296204
20.000000000000004 3.5106448626966986
25.0 3.817957420549213
30.000000000000004 4.07528540573897
34.99999999999999 4.294662141314409
39.99999999999999 4.489355137303302
45.0 4.654736192533169
49.99999999999999 4.785251465597038
55.0 4.903424868867633
60.00000000000001 4.993520518358531
65.0 5.082381980870101
70.0 5.163529774760876
75.0 5.232335698858377
80.0 5.290342486886764
85.00000000000001 5.344955260721999
90.0 5.386609071274298
95.00000000000001 5.427645788336933
99.99999999999999 5.473002159827214
105.0 5.529466214131441
109.99999999999999 5.602900339401419
115.0 5.681579759333539
120.0 5.7426720148102435
125.0 5.793890774452329
130.0 5.82906510336316
135.0 5.863005245294662
140.0 5.899105214439988
