-30.0 1.0 0.0 0.0 0.0 0.0 0.0 0.0 0.0 0.0
-25.0 1.0 0.0 0.0 0.0 0.0 0.0 0.0 0.0 0.0
-20.0 1.0 0.0 0.0 0.0 0.0 0.0 0.0 0.0 0.0
-14.999999999999998 0.9938290651033631 0.005553841406973156 0.000617093489663684 0.0 0.0 0.0 0.0 0.0 0.0
-10.0 0.8954026535020055 0.09780931811169392 0.005862388151804999 0.0009256402344955261 0.0 0.0 0.0 0.0 0.0
-4.9999999999999964 0.5239123727244678 0.4236346806541191 0.0484418389385992 0.0037025609379821045 0.000308546744831842 0.0 0.0 0.0 0.0
3.552713678800501e-15 0.05029311940759025 0.6383832150570812 0.26319037334156126 0.0425794507867942 0.005553841406973156 0.0 0.0 0.0 0.0
4.9999999999999964 0.0 0.25578525146559705 0.5220610922554767 0.18821351434742364 0.030854674483184203 0.0030854674483184203 0.0 0.0 0.0
10.0 0.0 0.03640851589015736 0.48441838938599197 0.36747917309472383 0.09811786485652577 0.012341869793273681 0.001234186979327368 0.0 0.0
15.0 0.0 0.0018512804689910522 0.27059549521752546 0.4912064177722925 0.1983955569268744 0.035791422400493676 0.0021598272138228943 0.0 0.0
20.000000000000004 0.0 0.0 0.09935205183585313 0.515581610614008 0.30731255785251466 0.07034865782165999 0.007405121875964209 0.0 0.0
25.0 0.0 0.0 0.02776920703486578 0.4162295587781549 0.43289108299907436 0.10891700092564023 0.01388460351743289 0.000308546744831842 0.0
30.000000000000004 0.0 0.0 0.0064794816414686825 0.28108608454180806 0.523603825979636 0.1681579759333539 0.02005553841406973 0.000617093489663684 0.0
34.99999999999999 0.0 0.0 0.0 0.177722925023141 0.5590867016352977 0.23387843258253627 0.028694847269361307 0.000617093489663684 0.0
39.99999999999999 0.0 0.0 0.0 0.10027769207034866 0.5347115087935822 0.32212280160444307 0.04165381055229867 0.001234186979327368 0.0
45.0 0.0 0.0 0.0 0.05060166615242209 0.48626966985498304 0.40265350200555383 0.05862388151804999 0.0018512804689910522 0.0
49.99999999999999 0.0 0.0 0.0 0.025609379821042888 0.4190064794816415 0.47824745448935513 0.07528540573896945 0.0018512804689910522 0.0
55.0 0.0 0.0 0.0 0.012341869793273681 0.35668003702560935 0.5282320271521136 0.10089478556001234 0.0018512804689910522 0.0
60.00000000000001 0.0 0.0 0.0 0.004936747917309472 0.2912681271212589 0.5711200246837396 0.13051527306386917 0.0021598272138228943 0.0
65.0 0.0 0.0 0.0 0.0021598272138228943 0.24128355445850047 0.5961123110151187 0.15797593335390311 0.002468373958654736 0.0
70.0 0.0 0.0 0.0 0.000617093489663684 0.19037334156124652 0.6244986115396483 0.18173403270595495 0.002776920703486578 0.0
75.0 0.0 0.0 0.0 0.000308546744831842 0.14871953100894786 0.6334464671397717 0.21474853440296204 0.002776920703486578 0.0
80.0 0.0 0.0 0.0 0.000308546744831842 0.11539648256710892 0.6306695464362851 0.2508485035482876 0.002776920703486578 0.0
85.00000000000001 0.0 0.0 0.0 0.000308546744831842 0.09534094415303919 0.6180191298981795 0.28324591175563096 0.0030854674483184203 0.0
90.0 0.0 0.0 0.0 0.0 0.07435976550447393 0.6133909287257019 0.30916383832150574 0.0030854674483184203 0.0
95.00000000000001 0.0 0.0 0.0 0.0 0.05738969453872261 0.6032088861462511 0.3356988583770441 0.0037025609379821045 0.0
99.99999999999999 0.0 0.0 0.0 0.0 0.04720765195927183 0.5933353903116322 0.355445850046282 0.004011107682813947 0.0
105.0 0.0 0.0 0.0 0.0 0.03795124961431657 0.578216599814872 0.37920394939833385 0.0046282011724776305 0.0
109.99999999999999 0.0 0.0 0.0 0.0 0.029620487503856836 0.5584696081456341 0.40666460968836776 0.005245294662141314 0.0
115.0 0.0 0.0 0.0 0.0 0.02437519284171552 0.5411909904350509 0.42918852206109226 0.005245294662141314 0.0
120.0 0.0 0.0 0.0 0.0 0.020672631903733415 0.5276149336624498 0.4464671397716754 0.005245294662141314 0.0
125.0 0.0 0.0 0.0 0.0 0.01573588398642394 0.5094106757173712 0.46960814563406356 0.005245294662141314 0.0
130.0 0.0 0.0 0.0 0.0 0.01203332304844184 0.4946004319654428 0.48812095032397407 0.005245294662141314 0.0
135.0 0.0 0.0 0.0 0.0 0.009873495834618945 0.47670472076519593 0.5081764887380438 0.005245294662141314 0.0
140.0 0.0 0.0 0.0 0.0 0.008947855600123419 0.4597346497994446 0.5260721999382907 0.005245294662141314 0.0
