-30.0 0.0
-25.0 0.0
-20.0 0.0
-14.999999999999998 0.006788028386300524
-10.0 0.11231101511879049
-4.9999999999999964 0.5328602283245911
3.552713678800501e-15 1.314717679728479
4.9999999999999964 2.0033940141931503
10.0 2.5692687442147486
15.0 3.002159827213823
20.000000000000004 3.370873187287874
25.0 3.665843875347115
30.000000000000004 3.916075285405739
34.99999999999999 4.1153964825671085
39.99999999999999 4.308855291576674
45.0 4.474853440296205
49.99999999999999 4.608762727553224
55.0 4.723233569885838
60.00000000000001 4.833693304535637
65.0 4.9173094723850665
70.0 4.995680345572354
75.0 5.0709657513113235
80.0 5.140388768898488
85.00000000000001 5.193458809009565
90.0 5.2409750077136685
95.00000000000001 5.285714285714286
99.99999999999999 5.316260413452638
105.0 5.350509102128973
109.99999999999999 5.387534711508794
115.0 5.41530391854366
120.0 5.436285097192225
125.0 5.464362850971923
130.0 5.486578216599815
135.0 5.508793582227708
140.0 5.52761493366245
