5.235987755982988e9 25714.28613083169
5.770272220879211e9 30858.249255058632
6.3045566857754345e9 27853.30995971915
6.8388411506716585e9 19433.000740192714
7.373125615567881e9 26514.273092448224
7.907410080464106e9 19751.223987790072
8.441694545360328e9 20270.612327554427
8.975979010256552e9 20064.20028110512
9.510263475152775e9 19148.67529123581
1.0044547940049e10 22947.204647007104
1.057883240494522e10 21226.697207348516
1.1113116869841446e10 20994.576719042092
1.1647401334737667e10 21828.464402367725
1.2181685799633892e10 21391.714986813153
1.2715970264530115e10 25048.79382829151
1.3250254729426338e10 25375.140149961215
1.3784539194322561e10 24634.053349903697
1.4318823659218784e10 26911.163057581765
1.485310812411501e10 28748.865047392344
1.538739258901123e10 28617.78951850417
1.5921677053907455e10 29030.219143534967
1.6455961518803677e10 30775.919358305753
1.6990245983699902e10 32598.130981583483
1.7524530448596123e10 32867.22434370371
1.8058814913492348e10 35207.28664995436
1.8593099378388573e10 37976.508155336196
1.9127383843284798e10 37362.262847492384
1.9661668308181015e10 39708.57507161295
2.019595277307724e10 42371.31738639022
2.073023723797346e10 41637.14732885769
2.1264521702869686e10 43658.88027564334
2.179880616776591e10 44862.94714582693
2.2333090632662132e10 42729.59719017193
2.2867375097558357e10 43213.4908448124
2.3401659562454582e10 45445.12903835238
2.3935944027350807e10 46246.80938296137
2.447022849224703e10 45191.785669557656
2.500451295714325e10 43257.794661083746
2.553879742203947e10 41777.34063772462
2.6073081886935696e10 42882.915109860834
2.660736635183192e10 43519.96320528984
2.7141650816728146e10 41856.57167559605
2.7675935281624367e10 41152.12191211401
2.821021974652059e10 39496.66677635965
2.8744504211416817e10 38505.18496417283
2.9278788676313034e10 37641.71388027979
2.981307314120926e10 37754.91060891216
3.034735760610548e10 37095.224388472445
3.0881642071001705e10 36220.26307785574
3.141592653589793e10 35385.67384908134
