5.235987755982988e9 25729.77287842864
5.770272220879211e9 38931.322018175204
6.3045566857754345e9 38190.71950733058
6.8388411506716585e9 24889.94642843884
7.373125615567881e9 32350.057697409553
7.907410080464106e9 23137.051856300877
8.441694545360328e9 25006.964256973948
8.975979010256552e9 26913.603658987955
9.510263475152775e9 26468.300547825245
1.0044547940049e10 31220.52236404854
1.057883240494522e10 30296.89258886626
1.1113116869841446e10 31760.434763360317
1.1647401334737667e10 31938.794890095018
1.2181685799633892e10 32984.30561223322
1.2715970264530115e10 37764.01349639141
1.3250254729426338e10 37581.1024642361
1.3784539194322561e10 38116.64052571741
1.4318823659218784e10 40094.26398481392
1.485310812411501e10 40907.166234749486
1.538739258901123e10 44279.977456237066
1.5921677053907455e10 45554.61591289278
1.6455961518803677e10 47133.7029922003
1.6990245983699902e10 49237.74112175354
1.7524530448596123e10 51069.24330894987
1.8058814913492348e10 53680.146864602284
1.8593099378388573e10 55617.42967462544
1.9127383843284798e10 59255.21839370583
1.9661668308181015e10 61290.86222707293
2.019595277307724e10 60953.02816309578
2.073023723797346e10 60783.32119465187
2.1264521702869686e10 63167.98817253308
2.179880616776591e10 64553.95362800427
2.2333090632662132e10 63809.99789775701
2.2867375097558357e10 63812.08134339198
2.3401659562454582e10 62611.87142317111
2.3935944027350807e10 63366.23510007629
2.447022849224703e10 64386.30755605616
2.500451295714325e10 62467.473894566974
2.553879742203947e10 62457.074554119135
2.6073081886935696e10 60724.385849108214
2.660736635183192e10 58092.90713386619
2.7141650816728146e10 57289.19586606056
2.7675935281624367e10 55966.18388997063
2.821021974652059e10 54669.515945548
2.8744504211416817e10 54653.14963245663
2.9278788676313034e10 54213.94899798997
2.981307314120926e10 52922.11420718416
3.034735760610548e10 51377.89545805821
3.0881642071001705e10 49995.77197181117
3.141592653589793e10 49520.66043717631
